1169
1170
1171
1199
1200
1201
1249
1250
1251
1279
1280
1281
1328
1329
1330
1358
1359
1360
1807
1808
1809
1837
1838
1839
1917
1918
1919
1947
1948
1949
1997
1998
1999
2027
2028
2029
2076
2077
2078
2106
2107
2108
2156
2157
2158
2186
2187
2188
2236
2237
2238
2266
2267
2268
2316
2317
2318
2346
2347
2348
2395
2396
2397
2425
2426
2427
2475
2476
2477
2505
2506
2507
2555
2556
2557
2585
2586
2587
2635
2636
2637
2665
2666
2667
2715
2716
2717
2745
2746
2747
2797
2798
2799
2827
2828
2829
2877
2878
2879
2907
2908
2909
2960
2961
2962
2990
2991
2992
3039
3040
3041
3069
3070
3071
3197
3198
3199
3227
3228
3229
3276
3277
3278
3306
3307
3308
3513
3514
3515
3543
3544
3545
3592
3593
3594
3622
3623
3624
3671
3672
3673
3701
3702
3703
