2052	1864	1865	2610	586	1	2	189
2051	2052	2610	2609	587	586	189	190
2050	2051	2609	2608	588	587	190	191
2049	2050	2608	2607	589	588	191	192
2048	2049	2607	2606	590	589	192	193
2047	2048	2606	2605	591	590	193	194
2046	2047	2605	2604	592	591	194	195
2045	2046	2604	2603	593	592	195	196
2044	2045	2603	2602	594	593	196	197
2043	2044	2602	2601	595	594	197	198
2042	2043	2601	2600	596	595	198	199
2041	2042	2600	2599	597	596	199	200
2040	2041	2599	2598	598	597	200	201
2039	2040	2598	2597	599	598	201	202
2038	2039	2597	2596	600	599	202	203
2037	2038	2596	2595	601	600	203	204
2036	2037	2595	2594	602	601	204	205
2035	2036	2594	2593	603	602	205	206
2034	2035	2593	2592	604	603	206	207
2033	2034	2592	2591	605	604	207	208
2032	2033	2591	2590	606	605	208	209
2031	2032	2590	2589	607	606	209	210
2030	2031	2589	2588	608	607	210	211
2029	2030	2588	2587	609	608	211	212
2028	2029	2587	2586	610	609	212	213
2027	2028	2586	2585	611	610	213	214
2026	2027	2585	2584	612	611	214	215
2025	2026	2584	2583	613	612	215	216
2024	2025	2583	2582	614	613	216	217
2023	2024	2582	2581	615	614	217	218
2022	2023	2581	2580	616	615	218	219
2021	2022	2580	2579	617	616	219	220
2020	2021	2579	2578	618	617	220	221
2019	2020	2578	2577	619	618	221	222
2018	2019	2577	2576	620	619	222	223
2017	2018	2576	2575	621	620	223	224
2016	2017	2575	2574	622	621	224	225
2015	2016	2574	2573	623	622	225	226
2014	2015	2573	2572	624	623	226	227
2013	2014	2572	2571	625	624	227	228
2012	2013	2571	2570	626	625	228	229
2011	2012	2570	2569	627	626	229	230
2010	2011	2569	2568	628	627	230	231
2009	2010	2568	2567	629	628	231	232
2008	2009	2567	2566	630	629	232	233
2007	2008	2566	2565	631	630	233	234
2006	2007	2565	2564	632	631	234	235
2005	2006	2564	2563	633	632	235	236
2004	2005	2563	2562	634	633	236	237
2003	2004	2562	2561	635	634	237	238
2002	2003	2561	2560	636	635	238	239
2001	2002	2560	2559	637	636	239	240
2000	2001	2559	2558	638	637	240	241
1999	2000	2558	2557	639	638	241	242
1998	1999	2557	2556	640	639	242	243
1997	1998	2556	2555	641	640	243	244
1996	1997	2555	2554	642	641	244	245
1995	1996	2554	2553	643	642	245	246
1994	1995	2553	2552	644	643	246	247
1993	1994	2552	2551	645	644	247	248
1992	1993	2551	2550	646	645	248	249
1991	1992	2550	2549	647	646	249	250
1990	1991	2549	2548	648	647	250	251
1989	1990	2548	2547	649	648	251	252
1988	1989	2547	2546	650	649	252	253
1987	1988	2546	2545	651	650	253	254
1986	1987	2545	2544	652	651	254	255
1985	1986	2544	2543	653	652	255	256
1984	1985	2543	2542	654	653	256	257
1983	1984	2542	2541	655	654	257	258
1982	1983	2541	2540	656	655	258	259
1981	1982	2540	2539	657	656	259	260
1980	1981	2539	2538	658	657	260	261
1979	1980	2538	2537	659	658	261	262
1978	1979	2537	2536	660	659	262	263
1977	1978	2536	2535	661	660	263	264
1976	1977	2535	2534	662	661	264	265
1975	1976	2534	2533	663	662	265	266
1974	1975	2533	2532	664	663	266	267
1866	1974	2532	1867	3	664	267	4
2450	1868	1892	3016	110	5	109	29
2449	2450	3016	3017	111	110	29	30
2448	2449	3017	3018	112	111	30	31
2447	2448	3018	3019	113	112	31	32
2446	2447	3019	3020	114	113	32	33
2445	2446	3020	3021	115	114	33	34
2444	2445	3021	3022	116	115	34	35
2443	2444	3022	3023	117	116	35	36
2442	2443	3023	3024	118	117	36	37
2441	2442	3024	3025	119	118	37	38
2440	2441	3025	3026	120	119	38	39
2439	2440	3026	3027	121	120	39	40
2438	2439	3027	3028	122	121	40	41
2437	2438	3028	3029	123	122	41	42
2436	2437	3029	3030	124	123	42	43
2435	2436	3030	3031	125	124	43	44
2434	2435	3031	3032	126	125	44	45
2433	2434	3032	3033	127	126	45	46
2432	2433	3033	3034	128	127	46	47
2431	2432	3034	3035	129	128	47	48
2430	2431	3035	3036	130	129	48	49
2429	2430	3036	3037	131	130	49	50
2428	2429	3037	3038	132	131	50	51
2427	2428	3038	3039	133	132	51	52
2426	2427	3039	3040	134	133	52	53
2425	2426	3040	3041	135	134	53	54
2424	2425	3041	3042	136	135	54	55
2423	2424	3042	3043	137	136	55	56
2422	2423	3043	3044	138	137	56	57
2421	2422	3044	3045	139	138	57	58
2420	2421	3045	3046	140	139	58	59
2419	2420	3046	3047	141	140	59	60
2418	2419	3047	3048	142	141	60	61
2417	2418	3048	3049	143	142	61	62
2416	2417	3049	3050	144	143	62	63
2415	2416	3050	3051	145	144	63	64
2414	2415	3051	3052	146	145	64	65
2413	2414	3052	3053	147	146	65	66
2412	2413	3053	3054	148	147	66	67
2411	2412	3054	3055	149	148	67	68
2410	2411	3055	3056	150	149	68	69
2409	2410	3056	3057	151	150	69	70
2408	2409	3057	3058	152	151	70	71
2407	2408	3058	3059	153	152	71	72
2406	2407	3059	3060	154	153	72	73
2405	2406	3060	3061	155	154	73	74
2404	2405	3061	3062	156	155	74	75
2403	2404	3062	3063	157	156	75	76
2402	2403	3063	3064	158	157	76	77
2401	2402	3064	3065	159	158	77	78
2400	2401	3065	3066	160	159	78	79
2399	2400	3066	3067	161	160	79	80
2398	2399	3067	3068	162	161	80	81
2397	2398	3068	3069	163	162	81	82
2396	2397	3069	3070	164	163	82	83
2395	2396	3070	3071	165	164	83	84
2394	2395	3071	3072	166	165	84	85
2393	2394	3072	3073	167	166	85	86
2392	2393	3073	3074	168	167	86	87
2391	2392	3074	3075	169	168	87	88
2390	2391	3075	3076	170	169	88	89
2389	2390	3076	3077	171	170	89	90
2388	2389	3077	3078	172	171	90	91
2387	2388	3078	3079	173	172	91	92
2386	2387	3079	3080	174	173	92	93
2385	2386	3080	3081	175	174	93	94
2384	2385	3081	3082	176	175	94	95
2383	2384	3082	3083	177	176	95	96
2382	2383	3083	3084	178	177	96	97
2381	2382	3084	3085	179	178	97	98
2380	2381	3085	3086	180	179	98	99
2379	2380	3086	3087	181	180	99	100
2378	2379	3087	3088	182	181	100	101
2377	2378	3088	3089	183	182	101	102
2376	2377	3089	3090	184	183	102	103
2375	2376	3090	3091	185	184	103	104
2374	2375	3091	3092	186	185	104	105
2373	2374	3092	3093	187	186	105	106
2372	2373	3093	3094	188	187	106	107
1869	2372	3094	2292	6	188	107	108
3016	1892	1867	2532	29	109	4	267
3017	3016	2532	2533	30	29	267	266
3018	3017	2533	2534	31	30	266	265
3019	3018	2534	2535	32	31	265	264
3020	3019	2535	2536	33	32	264	263
3021	3020	2536	2537	34	33	263	262
3022	3021	2537	2538	35	34	262	261
3023	3022	2538	2539	36	35	261	260
3024	3023	2539	2540	37	36	260	259
3025	3024	2540	2541	38	37	259	258
3026	3025	2541	2542	39	38	258	257
3027	3026	2542	2543	40	39	257	256
3028	3027	2543	2544	41	40	256	255
3029	3028	2544	2545	42	41	255	254
3030	3029	2545	2546	43	42	254	253
3031	3030	2546	2547	44	43	253	252
3032	3031	2547	2548	45	44	252	251
3033	3032	2548	2549	46	45	251	250
3034	3033	2549	2550	47	46	250	249
3035	3034	2550	2551	48	47	249	248
3036	3035	2551	2552	49	48	248	247
3037	3036	2552	2553	50	49	247	246
3038	3037	2553	2554	51	50	246	245
3039	3038	2554	2555	52	51	245	244
3040	3039	2555	2556	53	52	244	243
3041	3040	2556	2557	54	53	243	242
3042	3041	2557	2558	55	54	242	241
3043	3042	2558	2559	56	55	241	240
3044	3043	2559	2560	57	56	240	239
3045	3044	2560	2561	58	57	239	238
3046	3045	2561	2562	59	58	238	237
3047	3046	2562	2563	60	59	237	236
3048	3047	2563	2564	61	60	236	235
3049	3048	2564	2565	62	61	235	234
3050	3049	2565	2566	63	62	234	233
3051	3050	2566	2567	64	63	233	232
3052	3051	2567	2568	65	64	232	231
3053	3052	2568	2569	66	65	231	230
3054	3053	2569	2570	67	66	230	229
3055	3054	2570	2571	68	67	229	228
3056	3055	2571	2572	69	68	228	227
3057	3056	2572	2573	70	69	227	226
3058	3057	2573	2574	71	70	226	225
3059	3058	2574	2575	72	71	225	224
3060	3059	2575	2576	73	72	224	223
3061	3060	2576	2577	74	73	223	222
3062	3061	2577	2578	75	74	222	221
3063	3062	2578	2579	76	75	221	220
3064	3063	2579	2580	77	76	220	219
3065	3064	2580	2581	78	77	219	218
3066	3065	2581	2582	79	78	218	217
3067	3066	2582	2583	80	79	217	216
3068	3067	2583	2584	81	80	216	215
3069	3068	2584	2585	82	81	215	214
3070	3069	2585	2586	83	82	214	213
3071	3070	2586	2587	84	83	213	212
3072	3071	2587	2588	85	84	212	211
3073	3072	2588	2589	86	85	211	210
3074	3073	2589	2590	87	86	210	209
3075	3074	2590	2591	88	87	209	208
3076	3075	2591	2592	89	88	208	207
3077	3076	2592	2593	90	89	207	206
3078	3077	2593	2594	91	90	206	205
3079	3078	2594	2595	92	91	205	204
3080	3079	2595	2596	93	92	204	203
3081	3080	2596	2597	94	93	203	202
3082	3081	2597	2598	95	94	202	201
3083	3082	2598	2599	96	95	201	200
3084	3083	2599	2600	97	96	200	199
3085	3084	2600	2601	98	97	199	198
3086	3085	2601	2602	99	98	198	197
3087	3086	2602	2603	100	99	197	196
3088	3087	2603	2604	101	100	196	195
3089	3088	2604	2605	102	101	195	194
3090	3089	2605	2606	103	102	194	193
3091	3090	2606	2607	104	103	193	192
3092	3091	2607	2608	105	104	192	191
3093	3092	2608	2609	106	105	191	190
3094	3093	2609	2610	107	106	190	189
2292	3094	2610	1865	108	107	189	2
2371	1870	2451	3095	1224	7	1225	1066
2370	2371	3095	3096	1223	1224	1066	1067
2369	2370	3096	3097	1222	1223	1067	1068
2368	2369	3097	3098	1221	1222	1068	1069
2367	2368	3098	3099	1220	1221	1069	1070
2366	2367	3099	3100	1219	1220	1070	1071
2365	2366	3100	3101	1218	1219	1071	1072
2364	2365	3101	3102	1217	1218	1072	1073
2363	2364	3102	3103	1216	1217	1073	1074
2362	2363	3103	3104	1215	1216	1074	1075
2361	2362	3104	3105	1214	1215	1075	1076
2360	2361	3105	3106	1213	1214	1076	1077
2359	2360	3106	3107	1212	1213	1077	1078
2358	2359	3107	3108	1211	1212	1078	1079
2357	2358	3108	3109	1210	1211	1079	1080
2356	2357	3109	3110	1209	1210	1080	1081
2355	2356	3110	3111	1208	1209	1081	1082
2354	2355	3111	3112	1207	1208	1082	1083
2353	2354	3112	3113	1206	1207	1083	1084
2352	2353	3113	3114	1205	1206	1084	1085
2351	2352	3114	3115	1204	1205	1085	1086
2350	2351	3115	3116	1203	1204	1086	1087
2349	2350	3116	3117	1202	1203	1087	1088
2348	2349	3117	3118	1201	1202	1088	1089
2347	2348	3118	3119	1200	1201	1089	1090
2346	2347	3119	3120	1199	1200	1090	1091
2345	2346	3120	3121	1198	1199	1091	1092
2344	2345	3121	3122	1197	1198	1092	1093
2343	2344	3122	3123	1196	1197	1093	1094
2342	2343	3123	3124	1195	1196	1094	1095
2341	2342	3124	3125	1194	1195	1095	1096
2340	2341	3125	3126	1193	1194	1096	1097
2339	2340	3126	3127	1192	1193	1097	1098
2338	2339	3127	3128	1191	1192	1098	1099
2337	2338	3128	3129	1190	1191	1099	1100
2336	2337	3129	3130	1189	1190	1100	1101
2335	2336	3130	3131	1188	1189	1101	1102
2334	2335	3131	3132	1187	1188	1102	1103
2333	2334	3132	3133	1186	1187	1103	1104
2332	2333	3133	3134	1185	1186	1104	1105
2331	2332	3134	3135	1184	1185	1105	1106
2330	2331	3135	3136	1183	1184	1106	1107
2329	2330	3136	3137	1182	1183	1107	1108
2328	2329	3137	3138	1181	1182	1108	1109
2327	2328	3138	3139	1180	1181	1109	1110
2326	2327	3139	3140	1179	1180	1110	1111
2325	2326	3140	3141	1178	1179	1111	1112
2324	2325	3141	3142	1177	1178	1112	1113
2323	2324	3142	3143	1176	1177	1113	1114
2322	2323	3143	3144	1175	1176	1114	1115
2321	2322	3144	3145	1174	1175	1115	1116
2320	2321	3145	3146	1173	1174	1116	1117
2319	2320	3146	3147	1172	1173	1117	1118
2318	2319	3147	3148	1171	1172	1118	1119
2317	2318	3148	3149	1170	1171	1119	1120
2316	2317	3149	3150	1169	1170	1120	1121
2315	2316	3150	3151	1168	1169	1121	1122
2314	2315	3151	3152	1167	1168	1122	1123
2313	2314	3152	3153	1166	1167	1123	1124
2312	2313	3153	3154	1165	1166	1124	1125
2311	2312	3154	3155	1164	1165	1125	1126
2310	2311	3155	3156	1163	1164	1126	1127
2309	2310	3156	3157	1162	1163	1127	1128
2308	2309	3157	3158	1161	1162	1128	1129
2307	2308	3158	3159	1160	1161	1129	1130
2306	2307	3159	3160	1159	1160	1130	1131
2305	2306	3160	3161	1158	1159	1131	1132
2304	2305	3161	3162	1157	1158	1132	1133
2303	2304	3162	3163	1156	1157	1133	1134
2302	2303	3163	3164	1155	1156	1134	1135
2301	2302	3164	3165	1154	1155	1135	1136
2300	2301	3165	3166	1153	1154	1136	1137
2299	2300	3166	3167	1152	1153	1137	1138
2298	2299	3167	3168	1151	1152	1138	1139
2297	2298	3168	3169	1150	1151	1139	1140
2296	2297	3169	3170	1149	1150	1140	1141
2295	2296	3170	3171	1148	1149	1141	1142
2294	2295	3171	3172	1147	1148	1142	1143
2293	2294	3172	3173	1146	1147	1143	1144
1871	2293	3173	2212	8	1146	1144	1145
3095	2451	1864	2052	1066	1225	1	586
3096	3095	2052	2051	1067	1066	586	587
3097	3096	2051	2050	1068	1067	587	588
3098	3097	2050	2049	1069	1068	588	589
3099	3098	2049	2048	1070	1069	589	590
3100	3099	2048	2047	1071	1070	590	591
3101	3100	2047	2046	1072	1071	591	592
3102	3101	2046	2045	1073	1072	592	593
3103	3102	2045	2044	1074	1073	593	594
3104	3103	2044	2043	1075	1074	594	595
3105	3104	2043	2042	1076	1075	595	596
3106	3105	2042	2041	1077	1076	596	597
3107	3106	2041	2040	1078	1077	597	598
3108	3107	2040	2039	1079	1078	598	599
3109	3108	2039	2038	1080	1079	599	600
3110	3109	2038	2037	1081	1080	600	601
3111	3110	2037	2036	1082	1081	601	602
3112	3111	2036	2035	1083	1082	602	603
3113	3112	2035	2034	1084	1083	603	604
3114	3113	2034	2033	1085	1084	604	605
3115	3114	2033	2032	1086	1085	605	606
3116	3115	2032	2031	1087	1086	606	607
3117	3116	2031	2030	1088	1087	607	608
3118	3117	2030	2029	1089	1088	608	609
3119	3118	2029	2028	1090	1089	609	610
3120	3119	2028	2027	1091	1090	610	611
3121	3120	2027	2026	1092	1091	611	612
3122	3121	2026	2025	1093	1092	612	613
3123	3122	2025	2024	1094	1093	613	614
3124	3123	2024	2023	1095	1094	614	615
3125	3124	2023	2022	1096	1095	615	616
3126	3125	2022	2021	1097	1096	616	617
3127	3126	2021	2020	1098	1097	617	618
3128	3127	2020	2019	1099	1098	618	619
3129	3128	2019	2018	1100	1099	619	620
3130	3129	2018	2017	1101	1100	620	621
3131	3130	2017	2016	1102	1101	621	622
3132	3131	2016	2015	1103	1102	622	623
3133	3132	2015	2014	1104	1103	623	624
3134	3133	2014	2013	1105	1104	624	625
3135	3134	2013	2012	1106	1105	625	626
3136	3135	2012	2011	1107	1106	626	627
3137	3136	2011	2010	1108	1107	627	628
3138	3137	2010	2009	1109	1108	628	629
3139	3138	2009	2008	1110	1109	629	630
3140	3139	2008	2007	1111	1110	630	631
3141	3140	2007	2006	1112	1111	631	632
3142	3141	2006	2005	1113	1112	632	633
3143	3142	2005	2004	1114	1113	633	634
3144	3143	2004	2003	1115	1114	634	635
3145	3144	2003	2002	1116	1115	635	636
3146	3145	2002	2001	1117	1116	636	637
3147	3146	2001	2000	1118	1117	637	638
3148	3147	2000	1999	1119	1118	638	639
3149	3148	1999	1998	1120	1119	639	640
3150	3149	1998	1997	1121	1120	640	641
3151	3150	1997	1996	1122	1121	641	642
3152	3151	1996	1995	1123	1122	642	643
3153	3152	1995	1994	1124	1123	643	644
3154	3153	1994	1993	1125	1124	644	645
3155	3154	1993	1992	1126	1125	645	646
3156	3155	1992	1991	1127	1126	646	647
3157	3156	1991	1990	1128	1127	647	648
3158	3157	1990	1989	1129	1128	648	649
3159	3158	1989	1988	1130	1129	649	650
3160	3159	1988	1987	1131	1130	650	651
3161	3160	1987	1986	1132	1131	651	652
3162	3161	1986	1985	1133	1132	652	653
3163	3162	1985	1984	1134	1133	653	654
3164	3163	1984	1983	1135	1134	654	655
3165	3164	1983	1982	1136	1135	655	656
3166	3165	1982	1981	1137	1136	656	657
3167	3166	1981	1980	1138	1137	657	658
3168	3167	1980	1979	1139	1138	658	659
3169	3168	1979	1978	1140	1139	659	660
3170	3169	1978	1977	1141	1140	660	661
3171	3170	1977	1976	1142	1141	661	662
3172	3171	1976	1975	1143	1142	662	663
3173	3172	1975	1974	1144	1143	663	664
2212	3173	1974	1866	1145	1144	664	3
2053	1873	1868	2450	1464	10	5	110
2054	2053	2450	2449	1463	1464	110	111
2055	2054	2449	2448	1462	1463	111	112
2056	2055	2448	2447	1461	1462	112	113
2057	2056	2447	2446	1460	1461	113	114
2058	2057	2446	2445	1459	1460	114	115
2059	2058	2445	2444	1458	1459	115	116
2060	2059	2444	2443	1457	1458	116	117
2061	2060	2443	2442	1456	1457	117	118
2062	2061	2442	2441	1455	1456	118	119
2063	2062	2441	2440	1454	1455	119	120
2064	2063	2440	2439	1453	1454	120	121
2065	2064	2439	2438	1452	1453	121	122
2066	2065	2438	2437	1451	1452	122	123
2067	2066	2437	2436	1450	1451	123	124
2068	2067	2436	2435	1449	1450	124	125
2069	2068	2435	2434	1448	1449	125	126
2070	2069	2434	2433	1447	1448	126	127
2071	2070	2433	2432	1446	1447	127	128
2072	2071	2432	2431	1445	1446	128	129
2073	2072	2431	2430	1444	1445	129	130
2074	2073	2430	2429	1443	1444	130	131
2075	2074	2429	2428	1442	1443	131	132
2076	2075	2428	2427	1441	1442	132	133
2077	2076	2427	2426	1440	1441	133	134
2078	2077	2426	2425	1439	1440	134	135
2079	2078	2425	2424	1438	1439	135	136
2080	2079	2424	2423	1437	1438	136	137
2081	2080	2423	2422	1436	1437	137	138
2082	2081	2422	2421	1435	1436	138	139
2083	2082	2421	2420	1434	1435	139	140
2084	2083	2420	2419	1433	1434	140	141
2085	2084	2419	2418	1432	1433	141	142
2086	2085	2418	2417	1431	1432	142	143
2087	2086	2417	2416	1430	1431	143	144
2088	2087	2416	2415	1429	1430	144	145
2089	2088	2415	2414	1428	1429	145	146
2090	2089	2414	2413	1427	1428	146	147
2091	2090	2413	2412	1426	1427	147	148
2092	2091	2412	2411	1425	1426	148	149
2093	2092	2411	2410	1424	1425	149	150
2094	2093	2410	2409	1423	1424	150	151
2095	2094	2409	2408	1422	1423	151	152
2096	2095	2408	2407	1421	1422	152	153
2097	2096	2407	2406	1420	1421	153	154
2098	2097	2406	2405	1419	1420	154	155
2099	2098	2405	2404	1418	1419	155	156
2100	2099	2404	2403	1417	1418	156	157
2101	2100	2403	2402	1416	1417	157	158
2102	2101	2402	2401	1415	1416	158	159
2103	2102	2401	2400	1414	1415	159	160
2104	2103	2400	2399	1413	1414	160	161
2105	2104	2399	2398	1412	1413	161	162
2106	2105	2398	2397	1411	1412	162	163
2107	2106	2397	2396	1410	1411	163	164
2108	2107	2396	2395	1409	1410	164	165
2109	2108	2395	2394	1408	1409	165	166
2110	2109	2394	2393	1407	1408	166	167
2111	2110	2393	2392	1406	1407	167	168
2112	2111	2392	2391	1405	1406	168	169
2113	2112	2391	2390	1404	1405	169	170
2114	2113	2390	2389	1403	1404	170	171
2115	2114	2389	2388	1402	1403	171	172
2116	2115	2388	2387	1401	1402	172	173
2117	2116	2387	2386	1400	1401	173	174
2118	2117	2386	2385	1399	1400	174	175
2119	2118	2385	2384	1398	1399	175	176
2120	2119	2384	2383	1397	1398	176	177
2121	2120	2383	2382	1396	1397	177	178
2122	2121	2382	2381	1395	1396	178	179
2123	2122	2381	2380	1394	1395	179	180
2124	2123	2380	2379	1393	1394	180	181
2125	2124	2379	2378	1392	1393	181	182
2126	2125	2378	2377	1391	1392	182	183
2127	2126	2377	2376	1390	1391	183	184
2128	2127	2376	2375	1389	1390	184	185
2129	2128	2375	2374	1388	1389	185	186
2130	2129	2374	2373	1387	1388	186	187
2131	2130	2373	2372	1386	1387	187	188
1872	2131	2372	1869	9	1386	188	6
2530	1874	2132	3174	1304	11	1385	1305
1304	1303	1306	1305	2530	2529	3175	3174
1303	1302	1307	1306	2529	2528	3176	3175
1302	1301	1308	1307	2528	2527	3177	3176
1301	1300	1309	1308	2527	2526	3178	3177
1300	1299	1310	1309	2526	2525	3179	3178
1299	1298	1311	1310	2525	2524	3180	3179
1298	1297	1312	1311	2524	2523	3181	3180
1297	1296	1313	1312	2523	2522	3182	3181
1296	1295	1314	1313	2522	2521	3183	3182
1295	1294	1315	1314	2521	2520	3184	3183
1294	1293	1316	1315	2520	2519	3185	3184
1293	1292	1317	1316	2519	2518	3186	3185
1292	1291	1318	1317	2518	2517	3187	3186
1291	1290	1319	1318	2517	2516	3188	3187
1290	1289	1320	1319	2516	2515	3189	3188
1289	1288	1321	1320	2515	2514	3190	3189
1288	1287	1322	1321	2514	2513	3191	3190
1287	1286	1323	1322	2513	2512	3192	3191
1286	1285	1324	1323	2512	2511	3193	3192
1285	1284	1325	1324	2511	2510	3194	3193
1284	1283	1326	1325	2510	2509	3195	3194
1283	1282	1327	1326	2509	2508	3196	3195
1282	1281	1328	1327	2508	2507	3197	3196
1281	1280	1329	1328	2507	2506	3198	3197
1280	1279	1330	1329	2506	2505	3199	3198
1279	1278	1331	1330	2505	2504	3200	3199
1278	1277	1332	1331	2504	2503	3201	3200
1277	1276	1333	1332	2503	2502	3202	3201
1276	1275	1334	1333	2502	2501	3203	3202
1275	1274	1335	1334	2501	2500	3204	3203
1274	1273	1336	1335	2500	2499	3205	3204
1273	1272	1337	1336	2499	2498	3206	3205
1272	1271	1338	1337	2498	2497	3207	3206
1271	1270	1339	1338	2497	2496	3208	3207
1270	1269	1340	1339	2496	2495	3209	3208
1269	1268	1341	1340	2495	2494	3210	3209
1268	1267	1342	1341	2494	2493	3211	3210
1267	1266	1343	1342	2493	2492	3212	3211
1266	1265	1344	1343	2492	2491	3213	3212
1265	1264	1345	1344	2491	2490	3214	3213
1264	1263	1346	1345	2490	2489	3215	3214
1263	1262	1347	1346	2489	2488	3216	3215
1262	1261	1348	1347	2488	2487	3217	3216
1261	1260	1349	1348	2487	2486	3218	3217
1260	1259	1350	1349	2486	2485	3219	3218
1259	1258	1351	1350	2485	2484	3220	3219
1258	1257	1352	1351	2484	2483	3221	3220
1257	1256	1353	1352	2483	2482	3222	3221
1256	1255	1354	1353	2482	2481	3223	3222
1255	1254	1355	1354	2481	2480	3224	3223
1254	1253	1356	1355	2480	2479	3225	3224
1253	1252	1357	1356	2479	2478	3226	3225
1252	1251	1358	1357	2478	2477	3227	3226
1251	1250	1359	1358	2477	2476	3228	3227
1250	1249	1360	1359	2476	2475	3229	3228
1249	1248	1361	1360	2475	2474	3230	3229
1248	1247	1362	1361	2474	2473	3231	3230
1247	1246	1363	1362	2473	2472	3232	3231
1246	1245	1364	1363	2472	2471	3233	3232
1245	1244	1365	1364	2471	2470	3234	3233
1244	1243	1366	1365	2470	2469	3235	3234
1243	1242	1367	1366	2469	2468	3236	3235
1242	1241	1368	1367	2468	2467	3237	3236
1241	1240	1369	1368	2467	2466	3238	3237
1240	1239	1370	1369	2466	2465	3239	3238
1239	1238	1371	1370	2465	2464	3240	3239
1238	1237	1372	1371	2464	2463	3241	3240
1237	1236	1373	1372	2463	2462	3242	3241
1236	1235	1374	1373	2462	2461	3243	3242
1235	1234	1375	1374	2461	2460	3244	3243
1234	1233	1376	1375	2460	2459	3245	3244
1233	1232	1377	1376	2459	2458	3246	3245
1232	1231	1378	1377	2458	2457	3247	3246
1231	1230	1379	1378	2457	2456	3248	3247
1230	1229	1380	1379	2456	2455	3249	3248
1229	1228	1381	1380	2455	2454	3250	3249
1228	1227	1382	1381	2454	2453	3251	3250
1227	1226	1383	1382	2453	2452	3252	3251
1226	12	1384	1383	2452	1875	2531	3252
1385	1305	1464	10	2132	3174	2053	1873
1305	1306	1463	1464	3174	3175	2054	2053
1306	1307	1462	1463	3175	3176	2055	2054
1307	1308	1461	1462	3176	3177	2056	2055
1308	1309	1460	1461	3177	3178	2057	2056
1309	1310	1459	1460	3178	3179	2058	2057
1310	1311	1458	1459	3179	3180	2059	2058
1311	1312	1457	1458	3180	3181	2060	2059
1312	1313	1456	1457	3181	3182	2061	2060
1313	1314	1455	1456	3182	3183	2062	2061
1314	1315	1454	1455	3183	3184	2063	2062
1315	1316	1453	1454	3184	3185	2064	2063
1316	1317	1452	1453	3185	3186	2065	2064
1317	1318	1451	1452	3186	3187	2066	2065
1318	1319	1450	1451	3187	3188	2067	2066
1319	1320	1449	1450	3188	3189	2068	2067
1320	1321	1448	1449	3189	3190	2069	2068
1321	1322	1447	1448	3190	3191	2070	2069
1322	1323	1446	1447	3191	3192	2071	2070
1323	1324	1445	1446	3192	3193	2072	2071
1324	1325	1444	1445	3193	3194	2073	2072
1325	1326	1443	1444	3194	3195	2074	2073
1326	1327	1442	1443	3195	3196	2075	2074
1327	1328	1441	1442	3196	3197	2076	2075
1328	1329	1440	1441	3197	3198	2077	2076
1329	1330	1439	1440	3198	3199	2078	2077
1330	1331	1438	1439	3199	3200	2079	2078
1331	1332	1437	1438	3200	3201	2080	2079
1332	1333	1436	1437	3201	3202	2081	2080
1333	1334	1435	1436	3202	3203	2082	2081
1334	1335	1434	1435	3203	3204	2083	2082
1335	1336	1433	1434	3204	3205	2084	2083
1336	1337	1432	1433	3205	3206	2085	2084
1337	1338	1431	1432	3206	3207	2086	2085
1338	1339	1430	1431	3207	3208	2087	2086
1339	1340	1429	1430	3208	3209	2088	2087
1340	1341	1428	1429	3209	3210	2089	2088
1341	1342	1427	1428	3210	3211	2090	2089
1342	1343	1426	1427	3211	3212	2091	2090
1343	1344	1425	1426	3212	3213	2092	2091
1344	1345	1424	1425	3213	3214	2093	2092
1345	1346	1423	1424	3214	3215	2094	2093
1346	1347	1422	1423	3215	3216	2095	2094
1347	1348	1421	1422	3216	3217	2096	2095
1348	1349	1420	1421	3217	3218	2097	2096
1349	1350	1419	1420	3218	3219	2098	2097
1350	1351	1418	1419	3219	3220	2099	2098
1351	1352	1417	1418	3220	3221	2100	2099
1352	1353	1416	1417	3221	3222	2101	2100
1353	1354	1415	1416	3222	3223	2102	2101
1354	1355	1414	1415	3223	3224	2103	2102
1355	1356	1413	1414	3224	3225	2104	2103
1356	1357	1412	1413	3225	3226	2105	2104
1357	1358	1411	1412	3226	3227	2106	2105
1358	1359	1410	1411	3227	3228	2107	2106
1359	1360	1409	1410	3228	3229	2108	2107
1360	1361	1408	1409	3229	3230	2109	2108
1361	1362	1407	1408	3230	3231	2110	2109
1362	1363	1406	1407	3231	3232	2111	2110
1363	1364	1405	1406	3232	3233	2112	2111
1364	1365	1404	1405	3233	3234	2113	2112
1365	1366	1403	1404	3234	3235	2114	2113
1366	1367	1402	1403	3235	3236	2115	2114
1367	1368	1401	1402	3236	3237	2116	2115
1368	1369	1400	1401	3237	3238	2117	2116
1369	1370	1399	1400	3238	3239	2118	2117
1370	1371	1398	1399	3239	3240	2119	2118
1371	1372	1397	1398	3240	3241	2120	2119
1372	1373	1396	1397	3241	3242	2121	2120
1373	1374	1395	1396	3242	3243	2122	2121
1374	1375	1394	1395	3243	3244	2123	2122
1375	1376	1393	1394	3244	3245	2124	2123
1376	1377	1392	1393	3245	3246	2125	2124
1377	1378	1391	1392	3246	3247	2126	2125
1378	1379	1390	1391	3247	3248	2127	2126
1379	1380	1389	1390	3248	3249	2128	2127
1380	1381	1388	1389	3249	3250	2129	2128
1381	1382	1387	1388	3250	3251	2130	2129
1382	1383	1386	1387	3251	3252	2131	2130
1383	1384	9	1386	3252	2531	1872	2131
1877	2291	2211	1876	14	1703	1624	13
2291	2290	2210	2211	1703	1702	1623	1624
2290	2289	2209	2210	1702	1701	1622	1623
2289	2288	2208	2209	1701	1700	1621	1622
2288	2287	2207	2208	1700	1699	1620	1621
2287	2286	2206	2207	1699	1698	1619	1620
2286	2285	2205	2206	1698	1697	1618	1619
2285	2284	2204	2205	1697	1696	1617	1618
2284	2283	2203	2204	1696	1695	1616	1617
2283	2282	2202	2203	1695	1694	1615	1616
2282	2281	2201	2202	1694	1693	1614	1615
2281	2280	2200	2201	1693	1692	1613	1614
2280	2279	2199	2200	1692	1691	1612	1613
2279	2278	2198	2199	1691	1690	1611	1612
2278	2277	2197	2198	1690	1689	1610	1611
2277	2276	2196	2197	1689	1688	1609	1610
2276	2275	2195	2196	1688	1687	1608	1609
2275	2274	2194	2195	1687	1686	1607	1608
2274	2273	2193	2194	1686	1685	1606	1607
2273	2272	2192	2193	1685	1684	1605	1606
2272	2271	2191	2192	1684	1683	1604	1605
2271	2270	2190	2191	1683	1682	1603	1604
2270	2269	2189	2190	1682	1681	1602	1603
2269	2268	2188	2189	1681	1680	1601	1602
2268	2267	2187	2188	1680	1679	1600	1601
2267	2266	2186	2187	1679	1678	1599	1600
2266	2265	2185	2186	1678	1677	1598	1599
2265	2264	2184	2185	1677	1676	1597	1598
2264	2263	2183	2184	1676	1675	1596	1597
2263	2262	2182	2183	1675	1674	1595	1596
2262	2261	2181	2182	1674	1673	1594	1595
2261	2260	2180	2181	1673	1672	1593	1594
2260	2259	2179	2180	1672	1671	1592	1593
2259	2258	2178	2179	1671	1670	1591	1592
2258	2257	2177	2178	1670	1669	1590	1591
2257	2256	2176	2177	1669	1668	1589	1590
2256	2255	2175	2176	1668	1667	1588	1589
2255	2254	2174	2175	1667	1666	1587	1588
2254	2253	2173	2174	1666	1665	1586	1587
2253	2252	2172	2173	1665	1664	1585	1586
2252	2251	2171	2172	1664	1663	1584	1585
2251	2250	2170	2171	1663	1662	1583	1584
2250	2249	2169	2170	1662	1661	1582	1583
2249	2248	2168	2169	1661	1660	1581	1582
2248	2247	2167	2168	1660	1659	1580	1581
2247	2246	2166	2167	1659	1658	1579	1580
2246	2245	2165	2166	1658	1657	1578	1579
2245	2244	2164	2165	1657	1656	1577	1578
2244	2243	2163	2164	1656	1655	1576	1577
2243	2242	2162	2163	1655	1654	1575	1576
2242	2241	2161	2162	1654	1653	1574	1575
2241	2240	2160	2161	1653	1652	1573	1574
2240	2239	2159	2160	1652	1651	1572	1573
2239	2238	2158	2159	1651	1650	1571	1572
2238	2237	2157	2158	1650	1649	1570	1571
2237	2236	2156	2157	1649	1648	1569	1570
2236	2235	2155	2156	1648	1647	1568	1569
2235	2234	2154	2155	1647	1646	1567	1568
2234	2233	2153	2154	1646	1645	1566	1567
2233	2232	2152	2153	1645	1644	1565	1566
2232	2231	2151	2152	1644	1643	1564	1565
2231	2230	2150	2151	1643	1642	1563	1564
2230	2229	2149	2150	1642	1641	1562	1563
2229	2228	2148	2149	1641	1640	1561	1562
2228	2227	2147	2148	1640	1639	1560	1561
2227	2226	2146	2147	1639	1638	1559	1560
2226	2225	2145	2146	1638	1637	1558	1559
2225	2224	2144	2145	1637	1636	1557	1558
2224	2223	2143	2144	1636	1635	1556	1557
2223	2222	2142	2143	1635	1634	1555	1556
2222	2221	2141	2142	1634	1633	1554	1555
2221	2220	2140	2141	1633	1632	1553	1554
2220	2219	2139	2140	1632	1631	1552	1553
2219	2218	2138	2139	1631	1630	1551	1552
2218	2217	2137	2138	1630	1629	1550	1551
2217	2216	2136	2137	1629	1628	1549	1550
2216	2215	2135	2136	1628	1627	1548	1549
2215	2214	2134	2135	1627	1626	1547	1548
2214	2213	2133	2134	1626	1625	1546	1547
2213	1879	1878	2133	1625	16	15	1546
2611	3253	2690	1880	1545	1465	585	17
3253	3254	2689	2690	1465	1466	584	585
3254	3255	2688	2689	1466	1467	583	584
3255	3256	2687	2688	1467	1468	582	583
3256	3257	2686	2687	1468	1469	581	582
3257	3258	2685	2686	1469	1470	580	581
3258	3259	2684	2685	1470	1471	579	580
3259	3260	2683	2684	1471	1472	578	579
3260	3261	2682	2683	1472	1473	577	578
3261	3262	2681	2682	1473	1474	576	577
3262	3263	2680	2681	1474	1475	575	576
3263	3264	2679	2680	1475	1476	574	575
3264	3265	2678	2679	1476	1477	573	574
3265	3266	2677	2678	1477	1478	572	573
3266	3267	2676	2677	1478	1479	571	572
3267	3268	2675	2676	1479	1480	570	571
3268	3269	2674	2675	1480	1481	569	570
3269	3270	2673	2674	1481	1482	568	569
3270	3271	2672	2673	1482	1483	567	568
3271	3272	2671	2672	1483	1484	566	567
3272	3273	2670	2671	1484	1485	565	566
3273	3274	2669	2670	1485	1486	564	565
3274	3275	2668	2669	1486	1487	563	564
3275	3276	2667	2668	1487	1488	562	563
3276	3277	2666	2667	1488	1489	561	562
3277	3278	2665	2666	1489	1490	560	561
3278	3279	2664	2665	1490	1491	559	560
3279	3280	2663	2664	1491	1492	558	559
3280	3281	2662	2663	1492	1493	557	558
3281	3282	2661	2662	1493	1494	556	557
3282	3283	2660	2661	1494	1495	555	556
3283	3284	2659	2660	1495	1496	554	555
3284	3285	2658	2659	1496	1497	553	554
3285	3286	2657	2658	1497	1498	552	553
3286	3287	2656	2657	1498	1499	551	552
3287	3288	2655	2656	1499	1500	550	551
3288	3289	2654	2655	1500	1501	549	550
3289	3290	2653	2654	1501	1502	548	549
3290	3291	2652	2653	1502	1503	547	548
3291	3292	2651	2652	1503	1504	546	547
3292	3293	2650	2651	1504	1505	545	546
3293	3294	2649	2650	1505	1506	544	545
3294	3295	2648	2649	1506	1507	543	544
3295	3296	2647	2648	1507	1508	542	543
3296	3297	2646	2647	1508	1509	541	542
3297	3298	2645	2646	1509	1510	540	541
3298	3299	2644	2645	1510	1511	539	540
3299	3300	2643	2644	1511	1512	538	539
3300	3301	2642	2643	1512	1513	537	538
3301	3302	2641	2642	1513	1514	536	537
3302	3303	2640	2641	1514	1515	535	536
3303	3304	2639	2640	1515	1516	534	535
3304	3305	2638	2639	1516	1517	533	534
3305	3306	2637	2638	1517	1518	532	533
3306	3307	2636	2637	1518	1519	531	532
3307	3308	2635	2636	1519	1520	530	531
3308	3309	2634	2635	1520	1521	529	530
3309	3310	2633	2634	1521	1522	528	529
3310	3311	2632	2633	1522	1523	527	528
3311	3312	2631	2632	1523	1524	526	527
3312	3313	2630	2631	1524	1525	525	526
3313	3314	2629	2630	1525	1526	524	525
3314	3315	2628	2629	1526	1527	523	524
3315	3316	2627	2628	1527	1528	522	523
3316	3317	2626	2627	1528	1529	521	522
3317	3318	2625	2626	1529	1530	520	521
3318	3319	2624	2625	1530	1531	519	520
3319	3320	2623	2624	1531	1532	518	519
3320	3321	2622	2623	1532	1533	517	518
3321	3322	2621	2622	1533	1534	516	517
3322	3323	2620	2621	1534	1535	515	516
3323	3324	2619	2620	1535	1536	514	515
3324	3325	2618	2619	1536	1537	513	514
3325	3326	2617	2618	1537	1538	512	513
3326	3327	2616	2617	1538	1539	511	512
3327	3328	2615	2616	1539	1540	510	511
3328	3329	2614	2615	1540	1541	509	510
3329	3330	2613	2614	1541	1542	508	509
3330	3331	2612	2613	1542	1543	507	508
3331	2691	1881	2612	1543	1544	18	507
1876	2211	3253	2611	13	1624	1465	1545
2211	2210	3254	3253	1624	1623	1466	1465
2210	2209	3255	3254	1623	1622	1467	1466
2209	2208	3256	3255	1622	1621	1468	1467
2208	2207	3257	3256	1621	1620	1469	1468
2207	2206	3258	3257	1620	1619	1470	1469
2206	2205	3259	3258	1619	1618	1471	1470
2205	2204	3260	3259	1618	1617	1472	1471
2204	2203	3261	3260	1617	1616	1473	1472
2203	2202	3262	3261	1616	1615	1474	1473
2202	2201	3263	3262	1615	1614	1475	1474
2201	2200	3264	3263	1614	1613	1476	1475
2200	2199	3265	3264	1613	1612	1477	1476
2199	2198	3266	3265	1612	1611	1478	1477
2198	2197	3267	3266	1611	1610	1479	1478
2197	2196	3268	3267	1610	1609	1480	1479
2196	2195	3269	3268	1609	1608	1481	1480
2195	2194	3270	3269	1608	1607	1482	1481
2194	2193	3271	3270	1607	1606	1483	1482
2193	2192	3272	3271	1606	1605	1484	1483
2192	2191	3273	3272	1605	1604	1485	1484
2191	2190	3274	3273	1604	1603	1486	1485
2190	2189	3275	3274	1603	1602	1487	1486
2189	2188	3276	3275	1602	1601	1488	1487
2188	2187	3277	3276	1601	1600	1489	1488
2187	2186	3278	3277	1600	1599	1490	1489
2186	2185	3279	3278	1599	1598	1491	1490
2185	2184	3280	3279	1598	1597	1492	1491
2184	2183	3281	3280	1597	1596	1493	1492
2183	2182	3282	3281	1596	1595	1494	1493
2182	2181	3283	3282	1595	1594	1495	1494
2181	2180	3284	3283	1594	1593	1496	1495
2180	2179	3285	3284	1593	1592	1497	1496
2179	2178	3286	3285	1592	1591	1498	1497
2178	2177	3287	3286	1591	1590	1499	1498
2177	2176	3288	3287	1590	1589	1500	1499
2176	2175	3289	3288	1589	1588	1501	1500
2175	2174	3290	3289	1588	1587	1502	1501
2174	2173	3291	3290	1587	1586	1503	1502
2173	2172	3292	3291	1586	1585	1504	1503
2172	2171	3293	3292	1585	1584	1505	1504
2171	2170	3294	3293	1584	1583	1506	1505
2170	2169	3295	3294	1583	1582	1507	1506
2169	2168	3296	3295	1582	1581	1508	1507
2168	2167	3297	3296	1581	1580	1509	1508
2167	2166	3298	3297	1580	1579	1510	1509
2166	2165	3299	3298	1579	1578	1511	1510
2165	2164	3300	3299	1578	1577	1512	1511
2164	2163	3301	3300	1577	1576	1513	1512
2163	2162	3302	3301	1576	1575	1514	1513
2162	2161	3303	3302	1575	1574	1515	1514
2161	2160	3304	3303	1574	1573	1516	1515
2160	2159	3305	3304	1573	1572	1517	1516
2159	2158	3306	3305	1572	1571	1518	1517
2158	2157	3307	3306	1571	1570	1519	1518
2157	2156	3308	3307	1570	1569	1520	1519
2156	2155	3309	3308	1569	1568	1521	1520
2155	2154	3310	3309	1568	1567	1522	1521
2154	2153	3311	3310	1567	1566	1523	1522
2153	2152	3312	3311	1566	1565	1524	1523
2152	2151	3313	3312	1565	1564	1525	1524
2151	2150	3314	3313	1564	1563	1526	1525
2150	2149	3315	3314	1563	1562	1527	1526
2149	2148	3316	3315	1562	1561	1528	1527
2148	2147	3317	3316	1561	1560	1529	1528
2147	2146	3318	3317	1560	1559	1530	1529
2146	2145	3319	3318	1559	1558	1531	1530
2145	2144	3320	3319	1558	1557	1532	1531
2144	2143	3321	3320	1557	1556	1533	1532
2143	2142	3322	3321	1556	1555	1534	1533
2142	2141	3323	3322	1555	1554	1535	1534
2141	2140	3324	3323	1554	1553	1536	1535
2140	2139	3325	3324	1553	1552	1537	1536
2139	2138	3326	3325	1552	1551	1538	1537
2138	2137	3327	3326	1551	1550	1539	1538
2137	2136	3328	3327	1550	1549	1540	1539
2136	2135	3329	3328	1549	1548	1541	1540
2135	2134	3330	3329	1548	1547	1542	1541
2134	2133	3331	3330	1547	1546	1543	1542
2133	1878	2691	3331	1546	15	1544	1543
19	1784	1704	1863	1882	1972	3332	1893
1784	1785	1705	1704	1972	1971	3333	3332
1785	1786	1706	1705	1971	1970	3334	3333
1786	1787	1707	1706	1970	1969	3335	3334
1787	1788	1708	1707	1969	1968	3336	3335
1788	1789	1709	1708	1968	1967	3337	3336
1789	1790	1710	1709	1967	1966	3338	3337
1790	1791	1711	1710	1966	1965	3339	3338
1791	1792	1712	1711	1965	1964	3340	3339
1792	1793	1713	1712	1964	1963	3341	3340
1793	1794	1714	1713	1963	1962	3342	3341
1794	1795	1715	1714	1962	1961	3343	3342
1795	1796	1716	1715	1961	1960	3344	3343
1796	1797	1717	1716	1960	1959	3345	3344
1797	1798	1718	1717	1959	1958	3346	3345
1798	1799	1719	1718	1958	1957	3347	3346
1799	1800	1720	1719	1957	1956	3348	3347
1800	1801	1721	1720	1956	1955	3349	3348
1801	1802	1722	1721	1955	1954	3350	3349
1802	1803	1723	1722	1954	1953	3351	3350
1803	1804	1724	1723	1953	1952	3352	3351
1804	1805	1725	1724	1952	1951	3353	3352
1805	1806	1726	1725	1951	1950	3354	3353
1806	1807	1727	1726	1950	1949	3355	3354
1807	1808	1728	1727	1949	1948	3356	3355
1808	1809	1729	1728	1948	1947	3357	3356
1809	1810	1730	1729	1947	1946	3358	3357
1810	1811	1731	1730	1946	1945	3359	3358
1811	1812	1732	1731	1945	1944	3360	3359
1812	1813	1733	1732	1944	1943	3361	3360
1813	1814	1734	1733	1943	1942	3362	3361
1814	1815	1735	1734	1942	1941	3363	3362
1815	1816	1736	1735	1941	1940	3364	3363
1816	1817	1737	1736	1940	1939	3365	3364
1817	1818	1738	1737	1939	1938	3366	3365
1818	1819	1739	1738	1938	1937	3367	3366
1819	1820	1740	1739	1937	1936	3368	3367
1820	1821	1741	1740	1936	1935	3369	3368
1821	1822	1742	1741	1935	1934	3370	3369
1822	1823	1743	1742	1934	1933	3371	3370
1823	1824	1744	1743	1933	1932	3372	3371
1824	1825	1745	1744	1932	1931	3373	3372
1825	1826	1746	1745	1931	1930	3374	3373
1826	1827	1747	1746	1930	1929	3375	3374
1827	1828	1748	1747	1929	1928	3376	3375
1828	1829	1749	1748	1928	1927	3377	3376
1829	1830	1750	1749	1927	1926	3378	3377
1830	1831	1751	1750	1926	1925	3379	3378
1831	1832	1752	1751	1925	1924	3380	3379
1832	1833	1753	1752	1924	1923	3381	3380
1833	1834	1754	1753	1923	1922	3382	3381
1834	1835	1755	1754	1922	1921	3383	3382
1835	1836	1756	1755	1921	1920	3384	3383
1836	1837	1757	1756	1920	1919	3385	3384
1837	1838	1758	1757	1919	1918	3386	3385
1838	1839	1759	1758	1918	1917	3387	3386
1839	1840	1760	1759	1917	1916	3388	3387
1840	1841	1761	1760	1916	1915	3389	3388
1841	1842	1762	1761	1915	1914	3390	3389
1842	1843	1763	1762	1914	1913	3391	3390
1843	1844	1764	1763	1913	1912	3392	3391
1844	1845	1765	1764	1912	1911	3393	3392
1845	1846	1766	1765	1911	1910	3394	3393
1846	1847	1767	1766	1910	1909	3395	3394
1847	1848	1768	1767	1909	1908	3396	3395
1848	1849	1769	1768	1908	1907	3397	3396
1849	1850	1770	1769	1907	1906	3398	3397
1850	1851	1771	1770	1906	1905	3399	3398
1851	1852	1772	1771	1905	1904	3400	3399
1852	1853	1773	1772	1904	1903	3401	3400
1853	1854	1774	1773	1903	1902	3402	3401
1854	1855	1775	1774	1902	1901	3403	3402
1855	1856	1776	1775	1901	1900	3404	3403
1856	1857	1777	1776	1900	1899	3405	3404
1857	1858	1778	1777	1899	1898	3406	3405
1858	1859	1779	1778	1898	1897	3407	3406
1859	1860	1780	1779	1897	1896	3408	3407
1860	1861	1781	1780	1896	1895	3409	3408
1861	1862	1782	1781	1895	1894	3410	3409
1862	20	1783	1782	1894	1883	1973	3410
1863	1704	1625	16	1893	3332	2213	1879
1704	1705	1626	1625	3332	3333	2214	2213
1705	1706	1627	1626	3333	3334	2215	2214
1706	1707	1628	1627	3334	3335	2216	2215
1707	1708	1629	1628	3335	3336	2217	2216
1708	1709	1630	1629	3336	3337	2218	2217
1709	1710	1631	1630	3337	3338	2219	2218
1710	1711	1632	1631	3338	3339	2220	2219
1711	1712	1633	1632	3339	3340	2221	2220
1712	1713	1634	1633	3340	3341	2222	2221
1713	1714	1635	1634	3341	3342	2223	2222
1714	1715	1636	1635	3342	3343	2224	2223
1715	1716	1637	1636	3343	3344	2225	2224
1716	1717	1638	1637	3344	3345	2226	2225
1717	1718	1639	1638	3345	3346	2227	2226
1718	1719	1640	1639	3346	3347	2228	2227
1719	1720	1641	1640	3347	3348	2229	2228
1720	1721	1642	1641	3348	3349	2230	2229
1721	1722	1643	1642	3349	3350	2231	2230
1722	1723	1644	1643	3350	3351	2232	2231
1723	1724	1645	1644	3351	3352	2233	2232
1724	1725	1646	1645	3352	3353	2234	2233
1725	1726	1647	1646	3353	3354	2235	2234
1726	1727	1648	1647	3354	3355	2236	2235
1727	1728	1649	1648	3355	3356	2237	2236
1728	1729	1650	1649	3356	3357	2238	2237
1729	1730	1651	1650	3357	3358	2239	2238
1730	1731	1652	1651	3358	3359	2240	2239
1731	1732	1653	1652	3359	3360	2241	2240
1732	1733	1654	1653	3360	3361	2242	2241
1733	1734	1655	1654	3361	3362	2243	2242
1734	1735	1656	1655	3362	3363	2244	2243
1735	1736	1657	1656	3363	3364	2245	2244
1736	1737	1658	1657	3364	3365	2246	2245
1737	1738	1659	1658	3365	3366	2247	2246
1738	1739	1660	1659	3366	3367	2248	2247
1739	1740	1661	1660	3367	3368	2249	2248
1740	1741	1662	1661	3368	3369	2250	2249
1741	1742	1663	1662	3369	3370	2251	2250
1742	1743	1664	1663	3370	3371	2252	2251
1743	1744	1665	1664	3371	3372	2253	2252
1744	1745	1666	1665	3372	3373	2254	2253
1745	1746	1667	1666	3373	3374	2255	2254
1746	1747	1668	1667	3374	3375	2256	2255
1747	1748	1669	1668	3375	3376	2257	2256
1748	1749	1670	1669	3376	3377	2258	2257
1749	1750	1671	1670	3377	3378	2259	2258
1750	1751	1672	1671	3378	3379	2260	2259
1751	1752	1673	1672	3379	3380	2261	2260
1752	1753	1674	1673	3380	3381	2262	2261
1753	1754	1675	1674	3381	3382	2263	2262
1754	1755	1676	1675	3382	3383	2264	2263
1755	1756	1677	1676	3383	3384	2265	2264
1756	1757	1678	1677	3384	3385	2266	2265
1757	1758	1679	1678	3385	3386	2267	2266
1758	1759	1680	1679	3386	3387	2268	2267
1759	1760	1681	1680	3387	3388	2269	2268
1760	1761	1682	1681	3388	3389	2270	2269
1761	1762	1683	1682	3389	3390	2271	2270
1762	1763	1684	1683	3390	3391	2272	2271
1763	1764	1685	1684	3391	3392	2273	2272
1764	1765	1686	1685	3392	3393	2274	2273
1765	1766	1687	1686	3393	3394	2275	2274
1766	1767	1688	1687	3394	3395	2276	2275
1767	1768	1689	1688	3395	3396	2277	2276
1768	1769	1690	1689	3396	3397	2278	2277
1769	1770	1691	1690	3397	3398	2279	2278
1770	1771	1692	1691	3398	3399	2280	2279
1771	1772	1693	1692	3399	3400	2281	2280
1772	1773	1694	1693	3400	3401	2282	2281
1773	1774	1695	1694	3401	3402	2283	2282
1774	1775	1696	1695	3402	3403	2284	2283
1775	1776	1697	1696	3403	3404	2285	2284
1776	1777	1698	1697	3404	3405	2286	2285
1777	1778	1699	1698	3405	3406	2287	2286
1778	1779	1700	1699	3406	3407	2288	2287
1779	1780	1701	1700	3407	3408	2289	2288
1780	1781	1702	1701	3408	3409	2290	2289
1781	1782	1703	1702	3409	3410	2291	2290
1782	1783	14	1703	3410	1973	1877	2291
2852	1884	1880	2690	506	21	17	585
2851	2852	2690	2689	505	506	585	584
2850	2851	2689	2688	504	505	584	583
2849	2850	2688	2687	503	504	583	582
2848	2849	2687	2686	502	503	582	581
2847	2848	2686	2685	501	502	581	580
2846	2847	2685	2684	500	501	580	579
2845	2846	2684	2683	499	500	579	578
2844	2845	2683	2682	498	499	578	577
2843	2844	2682	2681	497	498	577	576
2842	2843	2681	2680	496	497	576	575
2841	2842	2680	2679	495	496	575	574
2840	2841	2679	2678	494	495	574	573
2839	2840	2678	2677	493	494	573	572
2838	2839	2677	2676	492	493	572	571
2837	2838	2676	2675	491	492	571	570
2836	2837	2675	2674	490	491	570	569
2835	2836	2674	2673	489	490	569	568
2834	2835	2673	2672	488	489	568	567
2833	2834	2672	2671	487	488	567	566
2832	2833	2671	2670	486	487	566	565
2831	2832	2670	2669	485	486	565	564
2830	2831	2669	2668	484	485	564	563
2829	2830	2668	2667	483	484	563	562
2828	2829	2667	2666	482	483	562	561
2827	2828	2666	2665	481	482	561	560
2826	2827	2665	2664	480	481	560	559
2825	2826	2664	2663	479	480	559	558
2824	2825	2663	2662	478	479	558	557
2823	2824	2662	2661	477	478	557	556
2822	2823	2661	2660	476	477	556	555
2821	2822	2660	2659	475	476	555	554
2820	2821	2659	2658	474	475	554	553
2819	2820	2658	2657	473	474	553	552
2818	2819	2657	2656	472	473	552	551
2817	2818	2656	2655	471	472	551	550
2816	2817	2655	2654	470	471	550	549
2815	2816	2654	2653	469	470	549	548
2814	2815	2653	2652	468	469	548	547
2813	2814	2652	2651	467	468	547	546
2812	2813	2651	2650	466	467	546	545
2811	2812	2650	2649	465	466	545	544
2810	2811	2649	2648	464	465	544	543
2809	2810	2648	2647	463	464	543	542
2808	2809	2647	2646	462	463	542	541
2807	2808	2646	2645	461	462	541	540
2806	2807	2645	2644	460	461	540	539
2805	2806	2644	2643	459	460	539	538
2804	2805	2643	2642	458	459	538	537
2803	2804	2642	2641	457	458	537	536
2802	2803	2641	2640	456	457	536	535
2801	2802	2640	2639	455	456	535	534
2800	2801	2639	2638	454	455	534	533
2799	2800	2638	2637	453	454	533	532
2798	2799	2637	2636	452	453	532	531
2797	2798	2636	2635	451	452	531	530
2796	2797	2635	2634	450	451	530	529
2795	2796	2634	2633	449	450	529	528
2794	2795	2633	2632	448	449	528	527
2793	2794	2632	2631	447	448	527	526
2792	2793	2631	2630	446	447	526	525
2791	2792	2630	2629	445	446	525	524
2790	2791	2629	2628	444	445	524	523
2789	2790	2628	2627	443	444	523	522
2788	2789	2627	2626	442	443	522	521
2787	2788	2626	2625	441	442	521	520
2786	2787	2625	2624	440	441	520	519
2785	2786	2624	2623	439	440	519	518
2784	2785	2623	2622	438	439	518	517
2783	2784	2622	2621	437	438	517	516
2782	2783	2621	2620	436	437	516	515
2781	2782	2620	2619	435	436	515	514
2780	2781	2619	2618	434	435	514	513
2779	2780	2618	2617	433	434	513	512
2778	2779	2617	2616	432	433	512	511
2777	2778	2616	2615	431	432	511	510
2776	2777	2615	2614	430	431	510	509
2775	2776	2614	2613	429	430	509	508
2774	2775	2613	2612	428	429	508	507
1885	2774	2612	1881	22	428	507	18
2770	1886	2936	3411	349	23	348	268
2769	2770	3411	3412	350	349	268	269
2768	2769	3412	3413	351	350	269	270
2767	2768	3413	3414	352	351	270	271
2766	2767	3414	3415	353	352	271	272
2765	2766	3415	3416	354	353	272	273
2764	2765	3416	3417	355	354	273	274
2763	2764	3417	3418	356	355	274	275
2762	2763	3418	3419	357	356	275	276
2761	2762	3419	3420	358	357	276	277
2760	2761	3420	3421	359	358	277	278
2759	2760	3421	3422	360	359	278	279
2758	2759	3422	3423	361	360	279	280
2757	2758	3423	3424	362	361	280	281
2756	2757	3424	3425	363	362	281	282
2755	2756	3425	3426	364	363	282	283
2754	2755	3426	3427	365	364	283	284
2753	2754	3427	3428	366	365	284	285
2752	2753	3428	3429	367	366	285	286
2751	2752	3429	3430	368	367	286	287
2750	2751	3430	3431	369	368	287	288
2749	2750	3431	3432	370	369	288	289
2748	2749	3432	3433	371	370	289	290
2747	2748	3433	3434	372	371	290	291
2746	2747	3434	3435	373	372	291	292
2745	2746	3435	3436	374	373	292	293
2744	2745	3436	3437	375	374	293	294
2743	2744	3437	3438	376	375	294	295
2742	2743	3438	3439	377	376	295	296
2741	2742	3439	3440	378	377	296	297
2740	2741	3440	3441	379	378	297	298
2739	2740	3441	3442	380	379	298	299
2738	2739	3442	3443	381	380	299	300
2737	2738	3443	3444	382	381	300	301
2736	2737	3444	3445	383	382	301	302
2735	2736	3445	3446	384	383	302	303
2734	2735	3446	3447	385	384	303	304
2733	2734	3447	3448	386	385	304	305
2732	2733	3448	3449	387	386	305	306
2731	2732	3449	3450	388	387	306	307
2730	2731	3450	3451	389	388	307	308
2729	2730	3451	3452	390	389	308	309
2728	2729	3452	3453	391	390	309	310
2727	2728	3453	3454	392	391	310	311
2726	2727	3454	3455	393	392	311	312
2725	2726	3455	3456	394	393	312	313
2724	2725	3456	3457	395	394	313	314
2723	2724	3457	3458	396	395	314	315
2722	2723	3458	3459	397	396	315	316
2721	2722	3459	3460	398	397	316	317
2720	2721	3460	3461	399	398	317	318
2719	2720	3461	3462	400	399	318	319
2718	2719	3462	3463	401	400	319	320
2717	2718	3463	3464	402	401	320	321
2716	2717	3464	3465	403	402	321	322
2715	2716	3465	3466	404	403	322	323
2714	2715	3466	3467	405	404	323	324
2713	2714	3467	3468	406	405	324	325
2712	2713	3468	3469	407	406	325	326
2711	2712	3469	3470	408	407	326	327
2710	2711	3470	3471	409	408	327	328
2709	2710	3471	3472	410	409	328	329
2708	2709	3472	3473	411	410	329	330
2707	2708	3473	3474	412	411	330	331
2706	2707	3474	3475	413	412	331	332
2705	2706	3475	3476	414	413	332	333
2704	2705	3476	3477	415	414	333	334
2703	2704	3477	3478	416	415	334	335
2702	2703	3478	3479	417	416	335	336
2701	2702	3479	3480	418	417	336	337
2700	2701	3480	3481	419	418	337	338
2699	2700	3481	3482	420	419	338	339
2698	2699	3482	3483	421	420	339	340
2697	2698	3483	3484	422	421	340	341
2696	2697	3484	3485	423	422	341	342
2695	2696	3485	3486	424	423	342	343
2694	2695	3486	3487	425	424	343	344
2693	2694	3487	3488	426	425	344	345
2692	2693	3488	3489	427	426	345	346
1887	2692	3489	2853	24	427	346	347
3411	2936	1884	2852	268	348	21	506
3412	3411	2852	2851	269	268	506	505
3413	3412	2851	2850	270	269	505	504
3414	3413	2850	2849	271	270	504	503
3415	3414	2849	2848	272	271	503	502
3416	3415	2848	2847	273	272	502	501
3417	3416	2847	2846	274	273	501	500
3418	3417	2846	2845	275	274	500	499
3419	3418	2845	2844	276	275	499	498
3420	3419	2844	2843	277	276	498	497
3421	3420	2843	2842	278	277	497	496
3422	3421	2842	2841	279	278	496	495
3423	3422	2841	2840	280	279	495	494
3424	3423	2840	2839	281	280	494	493
3425	3424	2839	2838	282	281	493	492
3426	3425	2838	2837	283	282	492	491
3427	3426	2837	2836	284	283	491	490
3428	3427	2836	2835	285	284	490	489
3429	3428	2835	2834	286	285	489	488
3430	3429	2834	2833	287	286	488	487
3431	3430	2833	2832	288	287	487	486
3432	3431	2832	2831	289	288	486	485
3433	3432	2831	2830	290	289	485	484
3434	3433	2830	2829	291	290	484	483
3435	3434	2829	2828	292	291	483	482
3436	3435	2828	2827	293	292	482	481
3437	3436	2827	2826	294	293	481	480
3438	3437	2826	2825	295	294	480	479
3439	3438	2825	2824	296	295	479	478
3440	3439	2824	2823	297	296	478	477
3441	3440	2823	2822	298	297	477	476
3442	3441	2822	2821	299	298	476	475
3443	3442	2821	2820	300	299	475	474
3444	3443	2820	2819	301	300	474	473
3445	3444	2819	2818	302	301	473	472
3446	3445	2818	2817	303	302	472	471
3447	3446	2817	2816	304	303	471	470
3448	3447	2816	2815	305	304	470	469
3449	3448	2815	2814	306	305	469	468
3450	3449	2814	2813	307	306	468	467
3451	3450	2813	2812	308	307	467	466
3452	3451	2812	2811	309	308	466	465
3453	3452	2811	2810	310	309	465	464
3454	3453	2810	2809	311	310	464	463
3455	3454	2809	2808	312	311	463	462
3456	3455	2808	2807	313	312	462	461
3457	3456	2807	2806	314	313	461	460
3458	3457	2806	2805	315	314	460	459
3459	3458	2805	2804	316	315	459	458
3460	3459	2804	2803	317	316	458	457
3461	3460	2803	2802	318	317	457	456
3462	3461	2802	2801	319	318	456	455
3463	3462	2801	2800	320	319	455	454
3464	3463	2800	2799	321	320	454	453
3465	3464	2799	2798	322	321	453	452
3466	3465	2798	2797	323	322	452	451
3467	3466	2797	2796	324	323	451	450
3468	3467	2796	2795	325	324	450	449
3469	3468	2795	2794	326	325	449	448
3470	3469	2794	2793	327	326	448	447
3471	3470	2793	2792	328	327	447	446
3472	3471	2792	2791	329	328	446	445
3473	3472	2791	2790	330	329	445	444
3474	3473	2790	2789	331	330	444	443
3475	3474	2789	2788	332	331	443	442
3476	3475	2788	2787	333	332	442	441
3477	3476	2787	2786	334	333	441	440
3478	3477	2786	2785	335	334	440	439
3479	3478	2785	2784	336	335	439	438
3480	3479	2784	2783	337	336	438	437
3481	3480	2783	2782	338	337	437	436
3482	3481	2782	2781	339	338	436	435
3483	3482	2781	2780	340	339	435	434
3484	3483	2780	2779	341	340	434	433
3485	3484	2779	2778	342	341	433	432
3486	3485	2778	2777	343	342	432	431
3487	3486	2777	2776	344	343	431	430
3488	3487	2776	2775	345	344	430	429
3489	3488	2775	2774	346	345	429	428
2853	3489	2774	1885	347	346	428	22
2854	1889	1874	2530	1065	26	11	1304
2855	2854	2530	2529	1064	1065	1304	1303
2856	2855	2529	2528	1063	1064	1303	1302
2857	2856	2528	2527	1062	1063	1302	1301
2858	2857	2527	2526	1061	1062	1301	1300
2859	2858	2526	2525	1060	1061	1300	1299
2860	2859	2525	2524	1059	1060	1299	1298
2861	2860	2524	2523	1058	1059	1298	1297
2862	2861	2523	2522	1057	1058	1297	1296
2863	2862	2522	2521	1056	1057	1296	1295
2864	2863	2521	2520	1055	1056	1295	1294
2865	2864	2520	2519	1054	1055	1294	1293
2866	2865	2519	2518	1053	1054	1293	1292
2867	2866	2518	2517	1052	1053	1292	1291
2868	2867	2517	2516	1051	1052	1291	1290
2869	2868	2516	2515	1050	1051	1290	1289
2870	2869	2515	2514	1049	1050	1289	1288
2871	2870	2514	2513	1048	1049	1288	1287
2872	2871	2513	2512	1047	1048	1287	1286
2873	2872	2512	2511	1046	1047	1286	1285
2874	2873	2511	2510	1045	1046	1285	1284
2875	2874	2510	2509	1044	1045	1284	1283
2876	2875	2509	2508	1043	1044	1283	1282
2877	2876	2508	2507	1042	1043	1282	1281
2878	2877	2507	2506	1041	1042	1281	1280
2879	2878	2506	2505	1040	1041	1280	1279
2880	2879	2505	2504	1039	1040	1279	1278
2881	2880	2504	2503	1038	1039	1278	1277
2882	2881	2503	2502	1037	1038	1277	1276
2883	2882	2502	2501	1036	1037	1276	1275
2884	2883	2501	2500	1035	1036	1275	1274
2885	2884	2500	2499	1034	1035	1274	1273
2886	2885	2499	2498	1033	1034	1273	1272
2887	2886	2498	2497	1032	1033	1272	1271
2888	2887	2497	2496	1031	1032	1271	1270
2889	2888	2496	2495	1030	1031	1270	1269
2890	2889	2495	2494	1029	1030	1269	1268
2891	2890	2494	2493	1028	1029	1268	1267
2892	2891	2493	2492	1027	1028	1267	1266
2893	2892	2492	2491	1026	1027	1266	1265
2894	2893	2491	2490	1025	1026	1265	1264
2895	2894	2490	2489	1024	1025	1264	1263
2896	2895	2489	2488	1023	1024	1263	1262
2897	2896	2488	2487	1022	1023	1262	1261
2898	2897	2487	2486	1021	1022	1261	1260
2899	2898	2486	2485	1020	1021	1260	1259
2900	2899	2485	2484	1019	1020	1259	1258
2901	2900	2484	2483	1018	1019	1258	1257
2902	2901	2483	2482	1017	1018	1257	1256
2903	2902	2482	2481	1016	1017	1256	1255
2904	2903	2481	2480	1015	1016	1255	1254
2905	2904	2480	2479	1014	1015	1254	1253
2906	2905	2479	2478	1013	1014	1253	1252
2907	2906	2478	2477	1012	1013	1252	1251
2908	2907	2477	2476	1011	1012	1251	1250
2909	2908	2476	2475	1010	1011	1250	1249
2910	2909	2475	2474	1009	1010	1249	1248
2911	2910	2474	2473	1008	1009	1248	1247
2912	2911	2473	2472	1007	1008	1247	1246
2913	2912	2472	2471	1006	1007	1246	1245
2914	2913	2471	2470	1005	1006	1245	1244
2915	2914	2470	2469	1004	1005	1244	1243
2916	2915	2469	2468	1003	1004	1243	1242
2917	2916	2468	2467	1002	1003	1242	1241
2918	2917	2467	2466	1001	1002	1241	1240
2919	2918	2466	2465	1000	1001	1240	1239
2920	2919	2465	2464	999	1000	1239	1238
2921	2920	2464	2463	998	999	1238	1237
2922	2921	2463	2462	997	998	1237	1236
2923	2922	2462	2461	996	997	1236	1235
2924	2923	2461	2460	995	996	1235	1234
2925	2924	2460	2459	994	995	1234	1233
2926	2925	2459	2458	993	994	1233	1232
2927	2926	2458	2457	992	993	1232	1231
2928	2927	2457	2456	991	992	1231	1230
2929	2928	2456	2455	990	991	1230	1229
2930	2929	2455	2454	989	990	1229	1228
2931	2930	2454	2453	988	989	1228	1227
2932	2931	2453	2452	987	988	1227	1226
1888	2932	2452	1875	25	987	1226	12
3015	1890	2933	3490	743	27	984	744
3014	3015	3490	3491	742	743	744	747
3013	3014	3491	3492	741	742	747	750
3012	3013	3492	3493	740	741	750	753
3011	3012	3493	3494	739	740	753	756
3010	3011	3494	3495	738	739	756	759
3009	3010	3495	3496	737	738	759	762
3008	3009	3496	3497	736	737	762	765
3007	3008	3497	3498	735	736	765	768
3006	3007	3498	3499	734	735	768	771
3005	3006	3499	3500	733	734	771	774
3004	3005	3500	3501	732	733	774	777
3003	3004	3501	3502	731	732	777	780
3002	3003	3502	3503	730	731	780	783
3001	3002	3503	3504	729	730	783	786
3000	3001	3504	3505	728	729	786	789
2999	3000	3505	3506	727	728	789	792
2998	2999	3506	3507	726	727	792	795
2997	2998	3507	3508	725	726	795	798
2996	2997	3508	3509	724	725	798	801
2995	2996	3509	3510	723	724	801	804
2994	2995	3510	3511	722	723	804	807
2993	2994	3511	3512	721	722	807	810
2992	2993	3512	3513	720	721	810	813
2991	2992	3513	3514	719	720	813	816
2990	2991	3514	3515	718	719	816	819
2989	2990	3515	3516	717	718	819	822
2988	2989	3516	3517	716	717	822	825
2987	2988	3517	3518	715	716	825	828
2986	2987	3518	3519	714	715	828	831
2985	2986	3519	3520	713	714	831	834
2984	2985	3520	3521	712	713	834	837
2983	2984	3521	3522	711	712	837	840
2982	2983	3522	3523	710	711	840	843
2981	2982	3523	3524	709	710	843	846
2980	2981	3524	3525	708	709	846	849
2979	2980	3525	3526	707	708	849	852
2978	2979	3526	3527	706	707	852	855
2977	2978	3527	3528	705	706	855	858
2976	2977	3528	3529	704	705	858	861
2975	2976	3529	3530	703	704	861	864
2974	2975	3530	3531	702	703	864	867
2973	2974	3531	3532	701	702	867	870
2972	2973	3532	3533	700	701	870	873
2971	2972	3533	3534	699	700	873	876
2970	2971	3534	3535	698	699	876	879
2969	2970	3535	3536	697	698	879	882
2968	2969	3536	3537	696	697	882	885
2967	2968	3537	3538	695	696	885	888
2966	2967	3538	3539	694	695	888	891
2965	2966	3539	3540	693	694	891	894
2964	2965	3540	3541	692	693	894	897
2963	2964	3541	3542	691	692	897	900
2962	2963	3542	3543	690	691	900	903
2961	2962	3543	3544	689	690	903	906
2960	2961	3544	3545	688	689	906	909
2959	2960	3545	3546	687	688	909	912
2958	2959	3546	3547	686	687	912	915
2957	2958	3547	3548	685	686	915	918
2956	2957	3548	3549	684	685	918	921
2955	2956	3549	3550	683	684	921	924
2954	2955	3550	3551	682	683	924	927
2953	2954	3551	3552	681	682	927	930
2952	2953	3552	3553	680	681	930	933
2951	2952	3553	3554	679	680	933	936
2950	2951	3554	3555	678	679	936	939
2949	2950	3555	3556	677	678	939	942
2948	2949	3556	3557	676	677	942	945
2947	2948	3557	3558	675	676	945	948
2946	2947	3558	3559	674	675	948	951
2945	2946	3559	3560	673	674	951	954
2944	2945	3560	3561	672	673	954	957
2943	2944	3561	3562	671	672	957	960
2942	2943	3562	3563	670	671	960	963
2941	2942	3563	3564	669	670	963	966
2940	2941	3564	3565	668	669	966	969
2939	2940	3565	3566	667	668	969	972
2938	2939	3566	3567	666	667	972	975
2937	2938	3567	3568	665	666	975	978
1891	2937	3568	2771	28	665	978	983
3490	2933	2934	3569	744	984	985	745
3491	3490	3569	3570	747	744	745	748
3492	3491	3570	3571	750	747	748	751
3493	3492	3571	3572	753	750	751	754
3494	3493	3572	3573	756	753	754	757
3495	3494	3573	3574	759	756	757	760
3496	3495	3574	3575	762	759	760	763
3497	3496	3575	3576	765	762	763	766
3498	3497	3576	3577	768	765	766	769
3499	3498	3577	3578	771	768	769	772
3500	3499	3578	3579	774	771	772	775
3501	3500	3579	3580	777	774	775	778
3502	3501	3580	3581	780	777	778	781
3503	3502	3581	3582	783	780	781	784
3504	3503	3582	3583	786	783	784	787
3505	3504	3583	3584	789	786	787	790
3506	3505	3584	3585	792	789	790	793
3507	3506	3585	3586	795	792	793	796
3508	3507	3586	3587	798	795	796	799
3509	3508	3587	3588	801	798	799	802
3510	3509	3588	3589	804	801	802	805
3511	3510	3589	3590	807	804	805	808
3512	3511	3590	3591	810	807	808	811
3513	3512	3591	3592	813	810	811	814
3514	3513	3592	3593	816	813	814	817
3515	3514	3593	3594	819	816	817	820
3516	3515	3594	3595	822	819	820	823
3517	3516	3595	3596	825	822	823	826
3518	3517	3596	3597	828	825	826	829
3519	3518	3597	3598	831	828	829	832
3520	3519	3598	3599	834	831	832	835
3521	3520	3599	3600	837	834	835	838
3522	3521	3600	3601	840	837	838	841
3523	3522	3601	3602	843	840	841	844
3524	3523	3602	3603	846	843	844	847
3525	3524	3603	3604	849	846	847	850
3526	3525	3604	3605	852	849	850	853
3527	3526	3605	3606	855	852	853	856
3528	3527	3606	3607	858	855	856	859
3529	3528	3607	3608	861	858	859	862
3530	3529	3608	3609	864	861	862	865
3531	3530	3609	3610	867	864	865	868
3532	3531	3610	3611	870	867	868	871
3533	3532	3611	3612	873	870	871	874
3534	3533	3612	3613	876	873	874	877
3535	3534	3613	3614	879	876	877	880
3536	3535	3614	3615	882	879	880	883
3537	3536	3615	3616	885	882	883	886
3538	3537	3616	3617	888	885	886	889
3539	3538	3617	3618	891	888	889	892
3540	3539	3618	3619	894	891	892	895
3541	3540	3619	3620	897	894	895	898
3542	3541	3620	3621	900	897	898	901
3543	3542	3621	3622	903	900	901	904
3544	3543	3622	3623	906	903	904	907
3545	3544	3623	3624	909	906	907	910
3546	3545	3624	3625	912	909	910	913
3547	3546	3625	3626	915	912	913	916
3548	3547	3626	3627	918	915	916	919
3549	3548	3627	3628	921	918	919	922
3550	3549	3628	3629	924	921	922	925
3551	3550	3629	3630	927	924	925	928
3552	3551	3630	3631	930	927	928	931
3553	3552	3631	3632	933	930	931	934
3554	3553	3632	3633	936	933	934	937
3555	3554	3633	3634	939	936	937	940
3556	3555	3634	3635	942	939	940	943
3557	3556	3635	3636	945	942	943	946
3558	3557	3636	3637	948	945	946	949
3559	3558	3637	3638	951	948	949	952
3560	3559	3638	3639	954	951	952	955
3561	3560	3639	3640	957	954	955	958
3562	3561	3640	3641	960	957	958	961
3563	3562	3641	3642	963	960	961	964
3564	3563	3642	3643	966	963	964	967
3565	3564	3643	3644	969	966	967	970
3566	3565	3644	3645	972	969	970	973
3567	3566	3645	3646	975	972	973	976
3568	3567	3646	3647	978	975	976	979
2771	3568	3647	2772	983	978	979	982
3569	2934	2935	3648	745	985	986	746
3570	3569	3648	3649	748	745	746	749
3571	3570	3649	3650	751	748	749	752
3572	3571	3650	3651	754	751	752	755
3573	3572	3651	3652	757	754	755	758
3574	3573	3652	3653	760	757	758	761
3575	3574	3653	3654	763	760	761	764
3576	3575	3654	3655	766	763	764	767
3577	3576	3655	3656	769	766	767	770
3578	3577	3656	3657	772	769	770	773
3579	3578	3657	3658	775	772	773	776
3580	3579	3658	3659	778	775	776	779
3581	3580	3659	3660	781	778	779	782
3582	3581	3660	3661	784	781	782	785
3583	3582	3661	3662	787	784	785	788
3584	3583	3662	3663	790	787	788	791
3585	3584	3663	3664	793	790	791	794
3586	3585	3664	3665	796	793	794	797
3587	3586	3665	3666	799	796	797	800
3588	3587	3666	3667	802	799	800	803
3589	3588	3667	3668	805	802	803	806
3590	3589	3668	3669	808	805	806	809
3591	3590	3669	3670	811	808	809	812
3592	3591	3670	3671	814	811	812	815
3593	3592	3671	3672	817	814	815	818
3594	3593	3672	3673	820	817	818	821
3595	3594	3673	3674	823	820	821	824
3596	3595	3674	3675	826	823	824	827
3597	3596	3675	3676	829	826	827	830
3598	3597	3676	3677	832	829	830	833
3599	3598	3677	3678	835	832	833	836
3600	3599	3678	3679	838	835	836	839
3601	3600	3679	3680	841	838	839	842
3602	3601	3680	3681	844	841	842	845
3603	3602	3681	3682	847	844	845	848
3604	3603	3682	3683	850	847	848	851
3605	3604	3683	3684	853	850	851	854
3606	3605	3684	3685	856	853	854	857
3607	3606	3685	3686	859	856	857	860
3608	3607	3686	3687	862	859	860	863
3609	3608	3687	3688	865	862	863	866
3610	3609	3688	3689	868	865	866	869
3611	3610	3689	3690	871	868	869	872
3612	3611	3690	3691	874	871	872	875
3613	3612	3691	3692	877	874	875	878
3614	3613	3692	3693	880	877	878	881
3615	3614	3693	3694	883	880	881	884
3616	3615	3694	3695	886	883	884	887
3617	3616	3695	3696	889	886	887	890
3618	3617	3696	3697	892	889	890	893
3619	3618	3697	3698	895	892	893	896
3620	3619	3698	3699	898	895	896	899
3621	3620	3699	3700	901	898	899	902
3622	3621	3700	3701	904	901	902	905
3623	3622	3701	3702	907	904	905	908
3624	3623	3702	3703	910	907	908	911
3625	3624	3703	3704	913	910	911	914
3626	3625	3704	3705	916	913	914	917
3627	3626	3705	3706	919	916	917	920
3628	3627	3706	3707	922	919	920	923
3629	3628	3707	3708	925	922	923	926
3630	3629	3708	3709	928	925	926	929
3631	3630	3709	3710	931	928	929	932
3632	3631	3710	3711	934	931	932	935
3633	3632	3711	3712	937	934	935	938
3634	3633	3712	3713	940	937	938	941
3635	3634	3713	3714	943	940	941	944
3636	3635	3714	3715	946	943	944	947
3637	3636	3715	3716	949	946	947	950
3638	3637	3716	3717	952	949	950	953
3639	3638	3717	3718	955	952	953	956
3640	3639	3718	3719	958	955	956	959
3641	3640	3719	3720	961	958	959	962
3642	3641	3720	3721	964	961	962	965
3643	3642	3721	3722	967	964	965	968
3644	3643	3722	3723	970	967	968	971
3645	3644	3723	3724	973	970	971	974
3646	3645	3724	3725	976	973	974	977
3647	3646	3725	3726	979	976	977	980
2772	3647	3726	2773	982	979	980	981
3648	2935	1889	2854	746	986	26	1065
3649	3648	2854	2855	749	746	1065	1064
3650	3649	2855	2856	752	749	1064	1063
3651	3650	2856	2857	755	752	1063	1062
3652	3651	2857	2858	758	755	1062	1061
3653	3652	2858	2859	761	758	1061	1060
3654	3653	2859	2860	764	761	1060	1059
3655	3654	2860	2861	767	764	1059	1058
3656	3655	2861	2862	770	767	1058	1057
3657	3656	2862	2863	773	770	1057	1056
3658	3657	2863	2864	776	773	1056	1055
3659	3658	2864	2865	779	776	1055	1054
3660	3659	2865	2866	782	779	1054	1053
3661	3660	2866	2867	785	782	1053	1052
3662	3661	2867	2868	788	785	1052	1051
3663	3662	2868	2869	791	788	1051	1050
3664	3663	2869	2870	794	791	1050	1049
3665	3664	2870	2871	797	794	1049	1048
3666	3665	2871	2872	800	797	1048	1047
3667	3666	2872	2873	803	800	1047	1046
3668	3667	2873	2874	806	803	1046	1045
3669	3668	2874	2875	809	806	1045	1044
3670	3669	2875	2876	812	809	1044	1043
3671	3670	2876	2877	815	812	1043	1042
3672	3671	2877	2878	818	815	1042	1041
3673	3672	2878	2879	821	818	1041	1040
3674	3673	2879	2880	824	821	1040	1039
3675	3674	2880	2881	827	824	1039	1038
3676	3675	2881	2882	830	827	1038	1037
3677	3676	2882	2883	833	830	1037	1036
3678	3677	2883	2884	836	833	1036	1035
3679	3678	2884	2885	839	836	1035	1034
3680	3679	2885	2886	842	839	1034	1033
3681	3680	2886	2887	845	842	1033	1032
3682	3681	2887	2888	848	845	1032	1031
3683	3682	2888	2889	851	848	1031	1030
3684	3683	2889	2890	854	851	1030	1029
3685	3684	2890	2891	857	854	1029	1028
3686	3685	2891	2892	860	857	1028	1027
3687	3686	2892	2893	863	860	1027	1026
3688	3687	2893	2894	866	863	1026	1025
3689	3688	2894	2895	869	866	1025	1024
3690	3689	2895	2896	872	869	1024	1023
3691	3690	2896	2897	875	872	1023	1022
3692	3691	2897	2898	878	875	1022	1021
3693	3692	2898	2899	881	878	1021	1020
3694	3693	2899	2900	884	881	1020	1019
3695	3694	2900	2901	887	884	1019	1018
3696	3695	2901	2902	890	887	1018	1017
3697	3696	2902	2903	893	890	1017	1016
3698	3697	2903	2904	896	893	1016	1015
3699	3698	2904	2905	899	896	1015	1014
3700	3699	2905	2906	902	899	1014	1013
3701	3700	2906	2907	905	902	1013	1012
3702	3701	2907	2908	908	905	1012	1011
3703	3702	2908	2909	911	908	1011	1010
3704	3703	2909	2910	914	911	1010	1009
3705	3704	2910	2911	917	914	1009	1008
3706	3705	2911	2912	920	917	1008	1007
3707	3706	2912	2913	923	920	1007	1006
3708	3707	2913	2914	926	923	1006	1005
3709	3708	2914	2915	929	926	1005	1004
3710	3709	2915	2916	932	929	1004	1003
3711	3710	2916	2917	935	932	1003	1002
3712	3711	2917	2918	938	935	1002	1001
3713	3712	2918	2919	941	938	1001	1000
3714	3713	2919	2920	944	941	1000	999
3715	3714	2920	2921	947	944	999	998
3716	3715	2921	2922	950	947	998	997
3717	3716	2922	2923	953	950	997	996
3718	3717	2923	2924	956	953	996	995
3719	3718	2924	2925	959	956	995	994
3720	3719	2925	2926	962	959	994	993
3721	3720	2926	2927	965	962	993	992
3722	3721	2927	2928	968	965	992	991
3723	3722	2928	2929	971	968	991	990
3724	3723	2929	2930	974	971	990	989
3725	3724	2930	2931	977	974	989	988
3726	3725	2931	2932	980	977	988	987
2773	3726	2932	1888	981	980	987	25
2937	1891	1886	2770	665	28	23	349
2938	2937	2770	2769	666	665	349	350
2939	2938	2769	2768	667	666	350	351
2940	2939	2768	2767	668	667	351	352
2941	2940	2767	2766	669	668	352	353
2942	2941	2766	2765	670	669	353	354
2943	2942	2765	2764	671	670	354	355
2944	2943	2764	2763	672	671	355	356
2945	2944	2763	2762	673	672	356	357
2946	2945	2762	2761	674	673	357	358
2947	2946	2761	2760	675	674	358	359
2948	2947	2760	2759	676	675	359	360
2949	2948	2759	2758	677	676	360	361
2950	2949	2758	2757	678	677	361	362
2951	2950	2757	2756	679	678	362	363
2952	2951	2756	2755	680	679	363	364
2953	2952	2755	2754	681	680	364	365
2954	2953	2754	2753	682	681	365	366
2955	2954	2753	2752	683	682	366	367
2956	2955	2752	2751	684	683	367	368
2957	2956	2751	2750	685	684	368	369
2958	2957	2750	2749	686	685	369	370
2959	2958	2749	2748	687	686	370	371
2960	2959	2748	2747	688	687	371	372
2961	2960	2747	2746	689	688	372	373
2962	2961	2746	2745	690	689	373	374
2963	2962	2745	2744	691	690	374	375
2964	2963	2744	2743	692	691	375	376
2965	2964	2743	2742	693	692	376	377
2966	2965	2742	2741	694	693	377	378
2967	2966	2741	2740	695	694	378	379
2968	2967	2740	2739	696	695	379	380
2969	2968	2739	2738	697	696	380	381
2970	2969	2738	2737	698	697	381	382
2971	2970	2737	2736	699	698	382	383
2972	2971	2736	2735	700	699	383	384
2973	2972	2735	2734	701	700	384	385
2974	2973	2734	2733	702	701	385	386
2975	2974	2733	2732	703	702	386	387
2976	2975	2732	2731	704	703	387	388
2977	2976	2731	2730	705	704	388	389
2978	2977	2730	2729	706	705	389	390
2979	2978	2729	2728	707	706	390	391
2980	2979	2728	2727	708	707	391	392
2981	2980	2727	2726	709	708	392	393
2982	2981	2726	2725	710	709	393	394
2983	2982	2725	2724	711	710	394	395
2984	2983	2724	2723	712	711	395	396
2985	2984	2723	2722	713	712	396	397
2986	2985	2722	2721	714	713	397	398
2987	2986	2721	2720	715	714	398	399
2988	2987	2720	2719	716	715	399	400
2989	2988	2719	2718	717	716	400	401
2990	2989	2718	2717	718	717	401	402
2991	2990	2717	2716	719	718	402	403
2992	2991	2716	2715	720	719	403	404
2993	2992	2715	2714	721	720	404	405
2994	2993	2714	2713	722	721	405	406
2995	2994	2713	2712	723	722	406	407
2996	2995	2712	2711	724	723	407	408
2997	2996	2711	2710	725	724	408	409
2998	2997	2710	2709	726	725	409	410
2999	2998	2709	2708	727	726	410	411
3000	2999	2708	2707	728	727	411	412
3001	3000	2707	2706	729	728	412	413
3002	3001	2706	2705	730	729	413	414
3003	3002	2705	2704	731	730	414	415
3004	3003	2704	2703	732	731	415	416
3005	3004	2703	2702	733	732	416	417
3006	3005	2702	2701	734	733	417	418
3007	3006	2701	2700	735	734	418	419
3008	3007	2700	2699	736	735	419	420
3009	3008	2699	2698	737	736	420	421
3010	3009	2698	2697	738	737	421	422
3011	3010	2697	2696	739	738	422	423
3012	3011	2696	2695	740	739	423	424
3013	3012	2695	2694	741	740	424	425
3014	3013	2694	2693	742	741	425	426
3015	3014	2693	2692	743	742	426	427
1890	3015	2692	1887	27	743	427	24
3727	3728	3730	3729	3731	3732	3734	3733
3735	3736	3727	3729	3737	3738	3731	3733
3730	3739	3735	3729	3734	3740	3737	3733
3741	3742	3728	3727	3743	3744	3732	3731
3745	3741	3727	3736	3746	3743	3731	3738
3747	3748	3750	3749	3751	3752	3754	3753
3755	3756	3747	3749	3757	3758	3751	3753
3750	3759	3755	3749	3754	3760	3757	3753
3761	3762	3764	3763	3765	3766	3768	3767
3769	3761	3763	3770	3771	3765	3767	3772
3742	3773	3774	3728	3744	3775	3776	3732
3730	3770	3763	3777	3734	3772	3767	3778
3779	3739	3730	3777	3780	3740	3734	3778
3763	3764	3779	3777	3767	3768	3780	3778
3781	3769	3770	3774	3782	3771	3772	3776
3773	3783	3781	3774	3775	3784	3782	3776
3785	3786	3788	3787	3789	3790	3792	3791
3793	3785	3787	3794	3795	3789	3791	3796
3728	3774	3770	3730	3732	3776	3772	3734
3797	3798	3759	3750	3799	3800	3760	3754
3801	3797	3750	3748	3802	3799	3754	3752
3787	3788	3762	3761	3791	3792	3766	3765
3794	3787	3761	3769	3796	3791	3765	3771
3785	3793	3804	3803	3789	3795	3806	3805
3807	3786	3785	3803	3808	3790	3789	3805
3747	3804	3809	3748	3751	3806	3810	3752
3811	3801	3748	3809	3812	3802	3752	3810
3813	3793	3794	3814	3815	3795	3796	3816
3814	3794	3769	3781	3816	3796	3771	3782
3803	3804	3747	3817	3805	3806	3751	3818
3819	3807	3803	3817	3820	3808	3805	3818
3747	3756	3819	3817	3751	3758	3820	3818
3821	3811	3809	3813	3822	3812	3810	3815
3823	3821	3813	3814	3824	3822	3815	3816
3783	3823	3814	3781	3784	3824	3816	3782
3793	3813	3809	3804	3795	3815	3810	3806
3731	3732	3734	3733	3825	3826	3828	3827
3737	3738	3731	3733	3829	3830	3825	3827
3734	3740	3737	3733	3828	3831	3829	3827
3743	3744	3732	3731	3832	3833	3826	3825
3746	3743	3731	3738	3834	3832	3825	3830
3751	3752	3754	3753	3835	3836	3838	3837
3757	3758	3751	3753	3839	3840	3835	3837
3754	3760	3757	3753	3838	3841	3839	3837
3765	3766	3768	3767	3842	3843	3845	3844
3771	3765	3767	3772	3846	3842	3844	3847
3744	3775	3776	3732	3833	3848	3849	3826
3734	3772	3767	3778	3828	3847	3844	3850
3780	3740	3734	3778	3851	3831	3828	3850
3767	3768	3780	3778	3844	3845	3851	3850
3782	3771	3772	3776	3852	3846	3847	3849
3775	3784	3782	3776	3848	3853	3852	3849
3789	3790	3792	3791	3854	3855	3857	3856
3795	3789	3791	3796	3858	3854	3856	3859
3732	3776	3772	3734	3826	3849	3847	3828
3799	3800	3760	3754	3860	3861	3841	3838
3802	3799	3754	3752	3862	3860	3838	3836
3791	3792	3766	3765	3856	3857	3843	3842
3796	3791	3765	3771	3859	3856	3842	3846
3789	3795	3806	3805	3854	3858	3864	3863
3808	3790	3789	3805	3865	3855	3854	3863
3751	3806	3810	3752	3835	3864	3866	3836
3812	3802	3752	3810	3867	3862	3836	3866
3815	3795	3796	3816	3868	3858	3859	3869
3816	3796	3771	3782	3869	3859	3846	3852
3805	3806	3751	3818	3863	3864	3835	3870
3820	3808	3805	3818	3871	3865	3863	3870
3751	3758	3820	3818	3835	3840	3871	3870
3822	3812	3810	3815	3872	3867	3866	3868
3824	3822	3815	3816	3873	3872	3868	3869
3784	3824	3816	3782	3853	3873	3869	3852
3795	3815	3810	3806	3858	3868	3866	3864
3825	3826	3828	3827	3874	3875	3877	3876
3829	3830	3825	3827	3878	3879	3874	3876
3828	3831	3829	3827	3877	3880	3878	3876
3832	3833	3826	3825	3881	3882	3875	3874
3834	3832	3825	3830	3883	3881	3874	3879
3835	3836	3838	3837	3884	3885	3887	3886
3839	3840	3835	3837	3888	3889	3884	3886
3838	3841	3839	3837	3887	3890	3888	3886
3842	3843	3845	3844	3891	3892	3894	3893
3846	3842	3844	3847	3895	3891	3893	3896
3833	3848	3849	3826	3882	3897	3898	3875
3828	3847	3844	3850	3877	3896	3893	3899
3851	3831	3828	3850	3900	3880	3877	3899
3844	3845	3851	3850	3893	3894	3900	3899
3852	3846	3847	3849	3901	3895	3896	3898
3848	3853	3852	3849	3897	3902	3901	3898
3854	3855	3857	3856	3903	3904	3906	3905
3858	3854	3856	3859	3907	3903	3905	3908
3826	3849	3847	3828	3875	3898	3896	3877
3860	3861	3841	3838	3909	3910	3890	3887
3862	3860	3838	3836	3911	3909	3887	3885
3856	3857	3843	3842	3905	3906	3892	3891
3859	3856	3842	3846	3908	3905	3891	3895
3854	3858	3864	3863	3903	3907	3913	3912
3865	3855	3854	3863	3914	3904	3903	3912
3835	3864	3866	3836	3884	3913	3915	3885
3867	3862	3836	3866	3916	3911	3885	3915
3868	3858	3859	3869	3917	3907	3908	3918
3869	3859	3846	3852	3918	3908	3895	3901
3863	3864	3835	3870	3912	3913	3884	3919
3871	3865	3863	3870	3920	3914	3912	3919
3835	3840	3871	3870	3884	3889	3920	3919
3872	3867	3866	3868	3921	3916	3915	3917
3873	3872	3868	3869	3922	3921	3917	3918
3853	3873	3869	3852	3902	3922	3918	3901
3858	3868	3866	3864	3907	3917	3915	3913
3874	3875	3877	3876	3923	3924	3926	3925
3878	3879	3874	3876	3927	3928	3923	3925
3877	3880	3878	3876	3926	3929	3927	3925
3881	3882	3875	3874	3930	3931	3924	3923
3883	3881	3874	3879	3932	3930	3923	3928
3884	3885	3887	3886	3933	3934	3936	3935
3888	3889	3884	3886	3937	3938	3933	3935
3887	3890	3888	3886	3936	3939	3937	3935
3891	3892	3894	3893	3940	3941	3943	3942
3895	3891	3893	3896	3944	3940	3942	3945
3882	3897	3898	3875	3931	3946	3947	3924
3877	3896	3893	3899	3926	3945	3942	3948
3900	3880	3877	3899	3949	3929	3926	3948
3893	3894	3900	3899	3942	3943	3949	3948
3901	3895	3896	3898	3950	3944	3945	3947
3897	3902	3901	3898	3946	3951	3950	3947
3903	3904	3906	3905	3952	3953	3955	3954
3907	3903	3905	3908	3956	3952	3954	3957
3875	3898	3896	3877	3924	3947	3945	3926
3909	3910	3890	3887	3958	3959	3939	3936
3911	3909	3887	3885	3960	3958	3936	3934
3905	3906	3892	3891	3954	3955	3941	3940
3908	3905	3891	3895	3957	3954	3940	3944
3903	3907	3913	3912	3952	3956	3962	3961
3914	3904	3903	3912	3963	3953	3952	3961
3884	3913	3915	3885	3933	3962	3964	3934
3916	3911	3885	3915	3965	3960	3934	3964
3917	3907	3908	3918	3966	3956	3957	3967
3918	3908	3895	3901	3967	3957	3944	3950
3912	3913	3884	3919	3961	3962	3933	3968
3920	3914	3912	3919	3969	3963	3961	3968
3884	3889	3920	3919	3933	3938	3969	3968
3921	3916	3915	3917	3970	3965	3964	3966
3922	3921	3917	3918	3971	3970	3966	3967
3902	3922	3918	3901	3951	3971	3967	3950
3907	3917	3915	3913	3956	3966	3964	3962
3923	3924	3926	3925	3972	3973	3975	3974
3927	3928	3923	3925	3976	3977	3972	3974
3926	3929	3927	3925	3975	3978	3976	3974
3930	3931	3924	3923	3979	3980	3973	3972
3932	3930	3923	3928	3981	3979	3972	3977
3933	3934	3936	3935	3982	3983	3985	3984
3937	3938	3933	3935	3986	3987	3982	3984
3936	3939	3937	3935	3985	3988	3986	3984
3940	3941	3943	3942	3989	3990	3992	3991
3944	3940	3942	3945	3993	3989	3991	3994
3931	3946	3947	3924	3980	3995	3996	3973
3926	3945	3942	3948	3975	3994	3991	3997
3949	3929	3926	3948	3998	3978	3975	3997
3942	3943	3949	3948	3991	3992	3998	3997
3950	3944	3945	3947	3999	3993	3994	3996
3946	3951	3950	3947	3995	4000	3999	3996
3952	3953	3955	3954	4001	4002	4004	4003
3956	3952	3954	3957	4005	4001	4003	4006
3924	3947	3945	3926	3973	3996	3994	3975
3958	3959	3939	3936	4007	4008	3988	3985
3960	3958	3936	3934	4009	4007	3985	3983
3954	3955	3941	3940	4003	4004	3990	3989
3957	3954	3940	3944	4006	4003	3989	3993
3952	3956	3962	3961	4001	4005	4011	4010
3963	3953	3952	3961	4012	4002	4001	4010
3933	3962	3964	3934	3982	4011	4013	3983
3965	3960	3934	3964	4014	4009	3983	4013
3966	3956	3957	3967	4015	4005	4006	4016
3967	3957	3944	3950	4016	4006	3993	3999
3961	3962	3933	3968	4010	4011	3982	4017
3969	3963	3961	3968	4018	4012	4010	4017
3933	3938	3969	3968	3982	3987	4018	4017
3970	3965	3964	3966	4019	4014	4013	4015
3971	3970	3966	3967	4020	4019	4015	4016
3951	3971	3967	3950	4000	4020	4016	3999
3956	3966	3964	3962	4005	4015	4013	4011
3972	3973	3975	3974	4021	4022	4024	4023
3976	3977	3972	3974	4025	4026	4021	4023
3975	3978	3976	3974	4024	4027	4025	4023
3979	3980	3973	3972	4028	4029	4022	4021
3981	3979	3972	3977	4030	4028	4021	4026
3982	3983	3985	3984	4031	4032	4034	4033
3986	3987	3982	3984	4035	4036	4031	4033
3985	3988	3986	3984	4034	4037	4035	4033
3989	3990	3992	3991	4038	4039	4041	4040
3993	3989	3991	3994	4042	4038	4040	4043
3980	3995	3996	3973	4029	4044	4045	4022
3975	3994	3991	3997	4024	4043	4040	4046
3998	3978	3975	3997	4047	4027	4024	4046
3991	3992	3998	3997	4040	4041	4047	4046
3999	3993	3994	3996	4048	4042	4043	4045
3995	4000	3999	3996	4044	4049	4048	4045
4001	4002	4004	4003	4050	4051	4053	4052
4005	4001	4003	4006	4054	4050	4052	4055
3973	3996	3994	3975	4022	4045	4043	4024
4007	4008	3988	3985	4056	4057	4037	4034
4009	4007	3985	3983	4058	4056	4034	4032
4003	4004	3990	3989	4052	4053	4039	4038
4006	4003	3989	3993	4055	4052	4038	4042
4001	4005	4011	4010	4050	4054	4060	4059
4012	4002	4001	4010	4061	4051	4050	4059
3982	4011	4013	3983	4031	4060	4062	4032
4014	4009	3983	4013	4063	4058	4032	4062
4015	4005	4006	4016	4064	4054	4055	4065
4016	4006	3993	3999	4065	4055	4042	4048
4010	4011	3982	4017	4059	4060	4031	4066
4018	4012	4010	4017	4067	4061	4059	4066
3982	3987	4018	4017	4031	4036	4067	4066
4019	4014	4013	4015	4068	4063	4062	4064
4020	4019	4015	4016	4069	4068	4064	4065
4000	4020	4016	3999	4049	4069	4065	4048
4005	4015	4013	4011	4054	4064	4062	4060
